165.214 18.929
165.472 -10.071
165.730 -5.071
165.987 40.929
166.245 -19.071
166.503 6.929
166.761 -11.071
167.019 12.929
167.277 -13.071
167.534 32.929
167.792 16.929
168.050 75.929
168.308 42.928
168.566 6.928
168.824 10.928
169.081 30.928
169.339 33.928
169.597 -3.072
169.855 34.928
170.113 36.928
170.371 39.928
170.628 51.928
170.886 57.928
171.144 39.928
171.402 14.928
171.660 6.928
171.917 30.928
172.175 -48.072
172.433 -20.072
172.691 -17.072
172.949 24.928
173.207 20.928
173.464 62.928
173.722 -2.072
173.980 42.928
174.238 32.928
174.496 9.928
174.754 -0.072
175.011 14.927
175.269 31.927
175.527 33.927
175.785 -3.073
176.043 6.927
176.301 16.927
176.558 25.927
176.816 0.927
177.074 -25.073
177.332 30.927
177.590 -23.073
177.848 19.927
178.105 65.927
178.363 43.927
178.621 14.927
178.879 45.927
179.137 56.927
179.395 45.927
179.652 -6.073
179.910 -19.073
180.168 -27.073
180.426 1.927
180.684 48.927
180.942 59.927
181.199 55.927
181.457 52.927
181.715 32.926
181.973 -22.074
182.231 0.926
182.489 -29.074
182.746 9.926
183.004 -8.074
183.262 23.926
183.520 24.926
183.778 2.926
184.036 27.926
184.293 -2.074
184.551 63.926
184.809 21.926
185.067 7.926
185.325 -15.074
185.583 -23.074
185.840 52.926
186.098 75.926
186.356 22.926
186.614 19.926
186.872 -53.074
187.130 -46.074
187.387 10.926
187.645 18.926
187.903 6.926
188.161 -8.074
188.419 -20.075
188.677 10.925
188.934 19.925
189.192 17.925
189.450 8.925
189.708 -2.075
189.966 46.925
190.224 -14.075
190.481 26.925
190.739 40.925
190.997 -11.075
191.255 40.925
191.513 62.925
191.771 26.925
192.028 35.925
192.286 -1.075
192.544 24.925
192.802 34.925
193.060 22.925
193.317 -37.075
193.575 16.925
193.833 43.925
194.091 17.925
194.349 -13.075
194.607 12.924
194.864 2.924
195.122 -11.076
195.380 -18.076
195.638 91.924
195.896 44.924
196.154 30.924
196.411 35.924
196.669 26.924
196.927 29.924
197.185 14.924
197.443 13.924
197.701 -10.076
197.958 -12.076
198.216 -28.076
198.474 1.924
198.732 43.924
198.990 42.924
199.248 59.924
199.505 27.924
199.763 48.924
200.021 25.924
200.279 -11.076
200.537 -48.076
200.795 20.924
201.052 56.923
201.310 16.923
201.568 -40.077
201.826 -26.077
202.084 50.923
202.342 1.923
202.599 20.923
202.857 46.923
203.115 37.923
203.373 48.923
203.631 72.923
203.889 27.923
204.146 -7.077
204.404 -1.077
204.662 -7.077
204.920 3.923
205.178 54.923
205.436 58.923
205.693 19.923
205.951 32.923
206.209 57.923
206.467 -14.077
206.725 29.923
206.983 51.923
207.240 14.922
207.498 30.922
207.756 13.922
208.014 -11.078
208.272 40.922
208.530 26.922
208.787 12.922
209.045 26.922
209.303 5.922
209.561 33.922
209.819 19.922
210.077 28.922
210.334 -0.078
210.592 11.922
210.850 -17.078
211.108 9.922
211.366 33.922
211.624 -3.078
211.881 8.922
212.139 -21.078
212.397 -41.078
212.655 -9.078
212.913 -26.078
213.170 38.921
213.428 42.921
213.686 37.921
213.944 57.921
214.202 5.921
214.460 26.921
214.717 -27.079
214.975 -13.079
215.233 33.921
215.491 -2.079
215.749 8.921
216.007 -58.079
216.264 10.921
216.522 9.921
216.780 36.921
217.038 -4.079
217.296 20.921
217.554 -8.079
217.811 18.921
218.069 -5.079
218.327 -4.079
218.585 51.921
218.843 29.921
219.101 71.920
219.358 39.920
219.616 -35.080
219.874 -20.080
220.132 -22.080
220.390 -20.080
220.648 8.920
220.905 -17.080
221.163 3.920
221.421 68.920
221.679 39.920
221.937 -48.080
222.195 -12.080
222.452 58.920
222.710 41.920
222.968 8.920
223.226 6.920
223.484 12.920
223.742 35.920
223.999 24.920
224.257 29.920
224.515 -1.080
224.773 21.920
225.031 25.919
225.289 18.919
225.546 -0.081
225.804 38.919
226.062 19.919
226.320 39.919
226.578 -1.081
226.836 -19.081
227.093 0.919
227.351 1.919
227.609 6.919
227.867 -13.081
228.125 5.919
228.383 34.919
228.640 54.919
228.898 24.919
229.156 -8.081
229.414 -35.081
229.672 17.919
229.930 55.919
230.187 12.919
230.445 31.919
230.703 12.918
230.961 11.918
231.219 -43.082
231.477 28.918
231.734 44.918
231.992 89.918
232.250 10.918
232.508 -6.082
232.766 -12.082
233.024 8.918
233.281 45.918
233.539 5.918
233.797 8.918
234.055 26.918
234.313 8.918
234.570 2.918
234.828 36.918
235.086 36.918
235.344 11.918
235.602 1.918
235.860 51.918
236.117 47.918
236.375 27.917
236.633 35.917
236.891 68.917
237.149 33.917
237.407 -19.083
237.664 -22.083
237.922 26.917
238.180 -21.083
238.438 8.917
238.696 18.917
238.954 46.917
239.211 48.917
239.469 -7.083
239.727 -2.083
239.985 -13.083
240.243 10.917
240.501 3.917
240.758 61.917
241.016 20.917
241.274 2.917
241.532 -19.083
241.790 27.917
242.048 -18.084
242.305 2.916
242.563 26.916
242.821 -8.084
243.079 20.916
243.337 42.916
243.595 35.916
243.852 0.916
244.110 47.916
244.368 43.916
244.626 36.916
244.884 26.916
245.142 29.916
245.399 -15.084
245.657 -15.084
245.915 55.916
246.173 27.916
246.431 0.916
246.689 -1.084
246.946 18.916
247.204 11.916
247.462 49.915
247.720 16.915
247.978 -1.085
248.236 59.915
248.493 28.915
248.751 39.915
249.009 31.915
249.267 -20.085
249.525 -0.085
249.783 10.915
250.040 -6.085
250.298 18.915
250.556 37.915
250.814 22.915
251.072 1.915
251.330 34.915
251.587 12.915
251.845 78.915
252.103 58.915
252.361 -27.085
252.619 -17.086
252.877 -4.086
253.134 -5.086
253.392 38.914
253.650 13.914
253.910 10.914
254.170 62.914
254.430 52.914
254.690 90.914
254.950 38.914
255.209 -1.086
255.469 7.914
255.729 -5.086
255.989 5.914
256.249 7.914
256.509 22.914
256.769 2.914
257.029 2.914
257.289 17.914
257.549 30.914
257.809 -1.086
258.069 -81.087
258.328 3.913
258.588 9.913
258.848 46.913
259.108 0.913
259.368 -4.087
259.628 31.913
259.888 -13.087
260.148 27.913
260.408 15.913
260.668 37.913
260.928 15.913
261.187 45.913
261.447 3.913
261.707 76.913
261.967 14.913
262.227 7.913
262.487 10.913
262.747 11.913
263.007 79.913
263.267 21.912
263.527 28.912
263.787 45.912
264.047 9.912
264.306 77.912
264.566 25.912
264.826 14.912
265.086 36.912
265.346 16.912
265.606 34.912
265.866 33.912
266.126 19.912
266.386 105.912
266.646 30.912
266.906 29.912
267.165 35.912
267.425 -7.088
267.685 -0.088
267.945 14.912
268.205 10.911
268.465 36.911
268.725 41.911
268.985 -1.089
269.245 23.911
269.505 18.911
269.765 -50.089
270.024 30.911
270.284 35.911
270.544 -20.089
270.804 12.911
271.064 30.911
271.324 32.911
271.584 39.911
271.844 32.911
272.104 8.911
272.364 -9.089
272.624 31.911
272.884 20.911
273.143 0.911
273.403 -16.090
273.663 67.910
273.923 78.910
274.183 32.910
274.443 46.910
274.703 -55.090
274.963 11.910
275.223 3.910
275.483 -17.090
275.743 -22.090
276.002 -38.090
276.262 18.910
276.522 14.910
276.782 53.910
277.042 11.910
277.302 40.910
277.562 -16.090
277.822 26.910
278.082 -16.090
278.342 0.909
278.602 16.909
278.862 51.909
279.121 76.909
279.381 57.909
279.641 49.909
279.901 55.909
280.161 41.909
280.421 -54.091
280.681 6.909
280.941 33.909
281.201 13.909
281.461 44.909
281.721 90.909
281.980 4.909
282.240 62.909
282.500 39.909
282.760 18.909
283.020 -31.092
283.280 -10.092
283.540 -0.092
283.800 19.908
284.060 -4.092
284.320 -2.092
284.580 0.908
284.840 6.908
285.099 10.908
285.359 -5.092
285.619 57.908
285.879 41.908
286.139 6.908
286.399 9.908
286.659 32.908
286.919 21.908
287.179 32.908
287.439 45.908
287.699 -10.092
287.958 16.907
288.218 0.907
288.478 18.907
288.738 4.907
288.998 -22.093
289.258 58.907
289.518 34.907
289.778 16.907
290.038 48.907
290.298 17.907
290.558 -15.093
290.818 42.907
291.077 -12.093
291.337 48.907
291.597 68.907
291.857 21.907
292.117 26.907
292.377 44.907
292.637 61.906
292.897 -8.094
293.157 34.906
293.417 -5.094
293.677 52.906
293.936 52.906
294.196 11.906
294.456 55.906
294.716 4.906
294.976 18.906
295.236 21.906
295.496 -15.094
295.756 22.906
296.016 -41.094
296.276 -4.094
296.536 -20.094
296.796 74.906
297.055 55.906
297.315 24.905
297.575 21.905
297.835 21.905
298.095 32.905
298.355 8.905
298.615 -2.095
298.875 27.905
299.135 21.905
299.395 9.905
299.655 56.905
299.914 -0.095
300.174 2.905
300.434 -7.095
300.694 -55.095
300.954 -40.095
301.214 26.905
301.474 34.905
301.734 50.904
301.994 53.904
302.254 24.904
302.514 21.904
302.773 49.904
303.033 -1.096
303.293 -41.096
303.553 14.904
303.813 -5.096
304.073 9.904
304.333 26.904
304.593 25.904
304.853 25.904
305.113 25.904
305.373 8.904
305.633 53.904
305.892 -35.096
306.152 51.903
306.412 18.903
306.672 22.903
306.932 41.903
307.192 28.903
307.452 20.903
307.712 28.903
307.972 27.903
308.232 -10.097
308.492 39.903
308.751 38.903
309.011 -9.097
309.271 48.903
309.531 63.903
309.791 23.903
310.051 27.903
310.311 17.903
310.571 -2.098
310.831 14.902
311.091 -13.098
311.351 -8.098
311.611 52.902
311.870 15.902
312.130 40.902
312.390 42.902
312.650 24.902
312.910 16.902
313.170 8.902
313.434 -1.098
313.698 19.902
313.963 -29.098
314.227 10.902
314.491 -15.098
314.755 0.902
315.019 22.901
315.284 46.901
315.548 31.901
315.812 12.901
316.076 38.901
316.340 73.901
316.604 42.901
316.869 33.901
317.133 35.901
317.397 34.901
317.661 9.901
317.925 -41.099
318.190 -13.099
318.454 21.901
318.718 18.901
318.982 -17.099
319.246 22.901
319.511 19.900
319.775 28.900
320.039 27.900
320.303 11.900
320.567 50.900
320.832 -5.100
321.096 -20.100
321.360 8.900
321.624 68.900
321.888 79.900
322.153 5.900
322.417 14.900
322.681 48.900
322.945 12.900
323.209 56.900
323.473 28.900
323.738 1.899
324.002 26.899
324.266 52.899
324.530 26.899
324.794 68.899
325.059 70.899
325.323 5.899
325.587 39.899
325.851 61.899
326.115 10.899
326.380 40.899
326.644 -15.101
326.908 14.899
327.172 42.899
327.436 9.899
327.701 -0.101
327.965 44.898
328.229 66.898
328.493 66.898
328.757 97.898
329.022 22.898
329.286 43.898
329.550 59.898
329.814 45.898
330.078 59.898
330.342 20.898
330.607 54.898
330.871 50.898
331.135 -3.102
331.399 -20.102
331.663 -35.102
331.928 61.898
332.192 70.897
332.456 45.897
332.720 16.897
332.984 66.897
333.249 60.897
333.513 83.897
333.777 64.897
334.041 63.897
334.305 46.897
334.570 42.897
334.834 17.897
335.098 42.897
335.362 19.897
335.626 64.897
335.891 24.897
336.155 11.896
336.419 18.896
336.683 32.896
336.947 85.896
337.211 32.896
337.476 53.896
337.740 29.896
338.004 37.896
338.268 6.896
338.532 56.896
338.797 51.896
339.061 41.896
339.325 12.896
339.589 28.896
339.853 54.896
340.118 21.895
340.382 34.895
340.646 52.895
340.910 85.895
341.174 28.895
341.439 17.895
341.703 -4.105
341.967 41.895
342.231 54.895
342.495 56.895
342.759 11.895
343.024 54.895
343.288 -2.105
343.552 41.895
343.816 23.895
344.080 13.894
344.345 -48.106
344.609 18.894
344.873 54.894
345.137 40.894
345.401 78.894
345.666 61.894
345.930 34.894
346.194 59.894
346.458 50.894
346.722 30.894
346.987 26.894
347.251 53.894
347.515 34.894
347.779 39.894
348.043 53.893
348.308 46.893
348.572 15.893
348.836 5.893
349.100 60.893
349.364 51.893
349.628 28.893
349.893 15.893
350.157 28.893
350.421 46.893
350.685 11.893
350.949 59.893
351.214 67.893
351.478 28.893
351.742 14.893
352.006 8.892
352.270 11.892
352.535 53.892
352.799 36.892
353.063 102.892
353.327 30.892
353.591 10.892
353.856 53.892
354.120 21.892
354.384 40.892
354.648 25.892
354.912 34.892
355.177 71.892
355.441 86.892
355.705 6.892
355.969 51.891
356.233 34.891
356.497 35.891
356.762 22.891
357.026 9.891
357.290 -27.109
357.554 102.891
357.818 46.891
358.083 49.891
358.347 34.891
358.611 46.891
358.875 59.891
359.139 10.891
359.404 -20.109
359.668 11.890
359.932 22.890
360.196 39.890
360.460 36.890
360.725 18.890
360.989 19.890
361.253 -6.110
361.517 -5.110
361.781 2.890
362.046 43.890
362.310 55.890
362.574 58.890
362.838 27.890
363.102 67.890
363.366 47.889
363.631 86.889
363.895 0.889
364.159 32.889
364.423 30.889
364.687 11.889
364.952 31.889
365.216 35.889
365.480 65.889
365.747 85.889
366.013 51.889
366.280 48.889
366.546 22.889
366.813 50.889
367.079 -45.112
367.346 3.888
367.612 -43.112
367.879 58.888
368.145 25.888
368.412 -24.112
368.678 74.888
368.945 65.888
369.211 43.888
369.478 19.888
369.744 45.888
370.011 45.888
370.278 34.888
370.544 49.887
370.811 94.887
371.077 42.887
371.344 57.887
371.610 36.887
371.877 34.887
372.143 30.887
372.410 47.887
372.676 -8.113
372.943 32.887
373.209 63.887
373.476 51.887
373.742 18.887
374.009 38.887
374.276 58.886
374.542 96.886
374.809 -12.114
375.075 13.886
375.342 -6.114
375.608 11.886
375.875 66.886
376.141 22.886
376.408 28.886
376.674 73.886
376.941 23.886
377.207 30.886
377.474 37.886
377.740 37.885
378.007 36.885
378.273 46.885
378.540 85.885
378.807 80.885
379.073 35.885
379.340 48.885
379.606 16.885
379.873 -21.115
380.139 -6.115
380.406 39.885
380.672 53.885
380.939 63.885
381.205 48.885
381.472 91.884
381.738 34.884
382.005 72.884
382.271 -10.116
382.538 14.884
382.804 14.884
383.071 34.884
383.338 42.884
383.604 32.884
383.871 40.884
384.137 50.884
384.404 41.884
384.670 48.884
384.937 37.883
385.203 14.883
385.470 74.883
385.736 32.883
386.003 70.883
386.269 29.883
386.536 81.883
386.802 102.883
387.069 39.883
387.336 61.883
387.602 23.883
387.869 23.883
388.135 -16.118
388.402 26.882
388.668 36.882
388.935 38.882
389.201 -10.118
389.468 75.882
389.734 78.882
390.001 49.882
390.267 43.882
390.534 34.882
390.800 34.882
391.067 63.882
391.333 65.882
391.600 17.881
391.867 61.881
392.133 9.881
392.400 44.881
392.666 -15.119
392.933 27.881
393.199 74.881
393.466 60.881
393.732 53.881
393.999 52.881
394.265 0.881
394.532 45.881
394.798 65.881
395.065 -12.120
395.331 37.880
395.598 44.880
395.864 33.880
396.131 26.880
396.398 -1.120
396.664 17.880
396.931 54.880
397.197 54.880
397.464 38.880
397.730 66.880
397.997 35.880
398.263 80.879
398.530 73.879
398.796 41.879
399.063 37.879
399.329 30.879
399.596 6.879
399.862 34.879
400.129 51.879
400.396 81.879
400.662 75.879
400.929 52.879
401.195 72.879
401.462 97.878
401.728 56.878
401.995 61.878
402.261 61.878
402.528 19.878
402.794 90.878
403.061 79.878
403.327 78.878
403.594 56.878
403.860 38.878
404.127 40.878
404.393 72.878
404.660 66.877
404.934 41.877
405.207 119.877
405.481 24.877
405.754 81.877
406.028 49.877
406.301 12.877
406.575 61.877
406.848 70.877
407.122 19.877
407.395 120.877
407.669 110.877
407.942 97.876
408.216 73.876
408.489 69.876
408.763 39.876
409.036 71.876
409.310 182.876
409.583 110.876
409.857 88.876
410.130 106.876
410.404 106.876
410.677 98.876
410.951 109.876
411.224 95.875
411.498 91.875
411.771 115.875
412.045 189.875
412.318 137.875
412.592 147.875
412.865 216.875
413.139 178.875
413.412 164.875
413.686 129.875
413.959 140.875
414.233 214.875
414.506 123.874
414.780 220.874
415.053 212.874
415.327 276.874
415.600 239.874
415.874 261.874
416.147 342.874
416.421 240.874
416.694 218.874
416.968 280.874
417.241 231.874
417.515 324.873
417.788 321.873
418.062 331.873
418.335 318.873
418.609 342.873
418.882 356.873
419.156 398.873
419.429 472.873
419.703 390.873
419.976 455.873
420.250 481.873
420.524 495.873
420.797 509.872
421.071 507.872
421.344 475.872
421.618 545.872
421.891 519.872
422.165 614.872
422.438 636.872
422.712 647.872
422.985 686.872
423.259 765.872
423.532 772.872
423.806 822.871
424.079 817.871
424.353 814.871
424.626 899.871
424.900 927.871
425.173 995.871
425.447 1009.871
425.720 1144.871
425.994 1117.871
426.267 1165.871
426.541 1141.871
426.814 1223.870
427.088 1296.870
427.361 1293.870
427.635 1388.870
427.908 1489.870
428.182 1525.870
428.455 1572.870
428.729 1666.870
429.002 1680.870
429.276 1798.870
429.549 1766.870
429.823 1891.869
430.096 1872.869
430.370 1977.869
430.643 2040.869
430.917 2258.869
431.190 2305.869
431.464 2241.869
431.737 2423.869
432.011 2413.869
432.284 2485.869
432.558 2687.869
432.831 2797.868
433.105 2869.868
433.378 2881.868
433.652 3017.868
433.925 3091.868
434.199 3169.868
434.472 3273.868
434.746 3359.868
435.019 3546.868
435.293 3616.868
435.566 3699.867
435.840 3797.867
436.118 3907.867
436.395 4199.867
436.673 4295.867
436.951 4367.867
437.228 4457.867
437.506 4605.867
437.784 4771.867
438.061 4893.867
438.339 5123.867
438.617 5220.866
438.894 5423.866
439.172 5603.866
439.450 5652.866
439.727 5862.866
440.005 6085.866
440.283 6217.866
440.560 6432.866
440.838 6640.866
441.115 6849.866
441.393 7042.866
441.671 7290.865
441.948 7347.865
442.226 7671.865
442.504 8060.865
442.781 8328.865
443.059 8518.865
443.337 8752.865
443.614 8918.865
443.892 9379.865
444.170 9765.865
444.447 9978.864
444.725 10207.864
445.003 10347.864
445.280 10894.864
445.558 11025.864
445.836 11528.864
446.113 11783.864
446.391 12040.864
446.669 12298.864
446.946 12655.864
447.224 13069.863
447.502 13281.020
447.779 13538.708
448.057 13881.456
448.335 14046.584
448.612 14057.461
448.890 14302.443
449.168 14674.790
449.445 14865.077
449.723 14866.201
450.001 14899.864
450.278 14992.933
450.556 15113.725
450.834 15120.656
451.111 15059.269
451.389 15049.368
451.666 15012.735
451.944 14754.075
452.222 14751.102
452.499 14553.877
452.777 14462.164
453.055 14332.534
453.332 14213.580
453.610 13935.185
453.888 13775.758
454.165 13644.926
454.443 13520.819
454.721 13047.813
454.998 12788.861
455.276 12398.658
455.554 12188.615
455.831 11821.970
456.109 11477.727
456.387 11235.746
456.664 10828.315
456.942 10632.821
457.220 10329.818
457.497 10109.391
457.775 9712.548
458.053 9452.553
458.330 9167.881
458.608 8998.837
458.886 8596.383
459.163 8476.339
459.441 8237.317
459.719 7915.839
459.996 7781.169
460.274 7426.371
460.552 7388.743
460.829 7232.604
461.107 7000.885
461.384 6863.631
461.662 6572.168
461.940 6631.704
462.217 6410.826
462.495 6237.158
462.773 6086.899
463.050 5886.782
463.328 5828.513
463.606 5780.745
463.883 5567.419
464.161 5439.561
464.439 5411.494
464.716 5121.599
464.994 4944.700
465.272 4964.471
465.549 5032.109
465.827 4788.613
466.105 4615.876
466.382 4546.157
466.660 4431.692
466.938 4487.884
467.215 4349.123
467.493 4130.827
467.771 4078.852
468.048 3909.508
468.326 3778.896
468.604 3772.672
468.881 3664.099
469.159 3577.490
469.437 3510.709
469.714 3319.395
469.992 3107.178
470.270 3024.593
470.547 3093.568
470.825 2923.719
471.102 2914.547
471.380 2756.524
471.658 2608.056
471.935 2572.597
472.213 2456.350
472.491 2446.225
472.768 2320.259
473.046 2341.339
473.324 2196.389
473.601 2066.993
473.879 1971.396
474.157 1951.120
474.434 1959.283
474.712 1933.995
474.990 1866.248
475.267 1718.475
475.545 1702.581
475.823 1711.973
476.100 1543.746
476.378 1517.510
476.656 1422.230
476.933 1437.351
477.211 1355.698
477.489 1384.544
477.766 1287.867
478.044 1238.282
478.322 1251.360
478.599 1210.112
478.877 1050.153
479.155 1105.484
479.432 1121.581
479.710 1065.243
479.988 1009.911
480.265 1026.007
480.543 984.744
480.820 1027.040
481.098 1045.167
481.376 935.333
481.653 914.164
481.931 928.277
482.209 909.032
482.486 886.832
482.764 835.202
483.042 800.657
483.319 772.346
483.597 720.496
483.875 725.556
484.152 715.146
484.430 688.804
484.708 641.185
484.985 666.176
485.263 633.349
485.541 620.151
485.818 547.055
486.096 507.976
486.374 593.342
486.651 535.415
486.929 522.735
487.207 510.527
487.484 530.873
487.762 512.562
488.040 466.783
488.317 493.735
488.595 460.130
488.873 391.902
489.150 368.480
489.428 393.938
489.706 376.626
489.983 405.140
490.261 342.003
490.539 324.691
490.816 350.149
491.094 342.672
491.371 345.724
491.649 293.842
491.927 334.193
492.204 313.868
492.482 278.016
492.760 270.910
493.037 242.237
493.315 274.413
493.593 260.229
493.870 274.135
494.148 238.468
494.426 209.146
494.703 223.076
494.981 254.132
495.259 220.610
495.536 178.091
495.814 214.129
496.092 193.814
496.369 208.679
496.647 127.226
496.925 182.209
497.202 144.989
497.480 162.844
497.758 122.599
498.035 165.348
498.313 191.079
498.591 215.765
498.868 169.656
499.146 138.733
499.424 152.471
499.701 156.280
499.979 90.754
500.257 123.241
500.534 121.027
500.812 113.034
501.089 189.619
501.367 121.533
501.645 158.669
501.922 150.530
502.200 114.103
502.478 119.729
502.755 107.928
503.033 80.429
503.311 87.056
503.588 112.032
503.866 124.364
504.144 138.575
504.421 120.885
504.699 108.189
504.977 107.878
505.254 85.726
505.532 104.510
505.810 68.160
506.087 62.349
506.365 73.503
506.643 76.120
506.920 88.112
507.198 63.520
507.476 82.950
507.753 107.026
508.031 61.189
508.309 16.533
508.586 45.138
508.864 71.741
509.142 104.631
509.419 68.596
509.697 58.407
509.975 48.210
510.252 51.765
510.530 54.349
510.808 43.371
511.085 65.012
511.363 78.444
511.640 24.200
511.918 32.257
512.196 94.278
512.473 71.732
512.751 46.532
513.029 85.056
513.306 66.221
513.584 36.592
513.862 41.968
514.139 54.562
514.417 79.674
514.695 69.808
514.972 50.122
515.250 62.746
515.528 48.457
515.805 38.591
516.083 37.758
516.361 42.308
516.638 31.525
516.916 55.154
517.194 69.723
517.471 74.395
517.749 46.298
518.027 6.236
518.304 -9.292
518.582 44.720
518.860 75.995
519.137 52.189
519.415 44.006
519.693 16.437
519.970 63.558
520.248 40.512
520.526 38.735
520.803 56.379
521.081 50.913
521.358 58.395
521.636 35.193
521.914 42.715
522.191 34.359
522.469 69.872
522.747 23.208
523.024 -55.349
523.302 20.442
523.580 6.403
523.857 35.456
524.135 22.356
524.413 51.485
524.690 10.170
524.968 31.767
525.246 35.556
525.523 58.112
525.801 39.315
526.079 17.715
526.356 57.225
526.634 21.477
526.912 -25.559
527.189 9.248
527.467 29.003
527.745 6.425
528.022 31.825
528.300 19.595
528.578 3.603
528.855 15.832
529.133 29.002
529.411 3.602
529.688 40.291
529.966 -8.628
530.244 31.854
530.521 58.219
530.799 19.613
531.077 -8.644
531.354 0.781
531.632 49.838
531.909 25.333
532.187 34.809
532.465 0.783
532.742 5.519
533.020 15.950
533.298 25.477
533.575 -4.922
533.853 28.407
534.131 81.896
534.408 40.943
534.686 42.937
534.964 23.826
535.241 -0.167
535.519 22.954
535.797 70.363
536.074 23.065
536.352 14.380
536.630 16.351
536.907 -4.065
537.185 49.586
537.463 30.132
537.740 34.109
538.018 1.791
538.296 2.778
538.573 67.741
538.851 110.281
539.129 18.583
539.406 19.589
539.684 -2.152
539.962 63.192
540.239 34.513
540.517 16.690
540.795 -11.099
541.072 29.616
541.350 7.769
541.627 16.706
541.905 12.746
542.183 27.657
542.460 12.746
542.738 89.198
543.016 36.566
543.293 -6.135
543.571 -16.066
543.849 50.419
544.126 38.514
544.404 92.085
544.682 6.767
544.959 -12.082
545.237 -5.138
545.515 -78.551
545.792 0.814
546.070 57.305
546.353 36.492
546.637 40.456
546.920 -14.067
547.204 13.710
547.487 27.599
547.770 18.670
548.054 11.738
548.337 -2.165
548.621 -13.089
548.904 38.588
549.187 -2.168
549.471 25.690
549.754 21.710
550.038 -0.181
550.321 31.723
550.604 31.755
550.888 -1.179
551.171 5.812
551.455 -1.182
551.738 34.853
552.021 88.907
552.305 51.921
552.588 15.865
552.871 39.977
553.155 23.937
553.438 0.822
553.722 38.083
554.005 11.912
554.288 7.887
554.572 33.148
554.855 5.881
555.139 25.117
555.422 25.143
555.705 11.983
555.989 28.239
556.272 -0.188
556.556 -9.344
556.839 3.885
557.122 30.361
557.406 2.869
557.689 54.913
557.973 53.947
558.256 69.340
558.539 19.237
558.823 -43.179
559.106 48.990
559.390 12.104
559.673 -17.627
559.956 11.091
560.240 50.116
560.523 -7.379
560.807 13.168
561.090 -15.609
561.373 40.917
561.657 123.137
561.940 11.112
562.223 15.223
562.507 34.750
562.790 -11.499
563.074 17.278
563.357 58.388
563.640 -1.222
563.924 37.794
564.207 -7.381
564.491 19.313
564.774 40.831
565.057 21.344
565.341 38.740
565.624 32.592
565.908 31.568
566.191 40.747
566.474 26.417
566.758 -21.667
567.041 44.795
567.325 20.234
567.608 16.148
567.891 17.152
568.175 5.927
568.458 20.192
568.742 86.451
569.025 64.978
569.308 38.501
569.592 13.029
569.875 37.444
570.159 -10.358
570.442 -25.576
570.725 3.865
571.009 -40.764
571.292 -4.253
571.576 35.265
571.859 17.011
572.142 39.278
572.426 33.171
572.709 -1.206
572.992 -41.610
573.276 -29.459
573.559 33.070
573.843 -11.285
574.126 29.008
574.409 46.082
574.693 54.130
574.976 68.146
575.260 -5.216
575.543 19.884
575.826 30.897
576.110 -38.272
576.393 3.808
576.677 42.847
576.960 11.804
577.249 46.803
577.538 7.795
577.827 40.722
578.115 23.732
578.404 -14.155
578.693 -21.113
578.982 -11.142
579.271 23.684
579.560 15.708
579.848 -9.143
580.137 44.535
580.426 31.581
580.715 20.657
581.004 25.622
581.293 31.549
581.581 8.731
581.870 -0.198
582.159 -8.134
582.448 23.611
582.737 16.667
583.026 33.532
583.314 -20.040
583.603 37.500
583.892 3.769
584.181 58.333
584.470 21.648
584.759 -14.102
585.048 -28.033
585.336 27.633
585.625 -7.166
585.914 23.703
586.203 -16.137
586.492 12.760
586.781 -28.118
587.069 23.750
587.358 5.792
587.647 -6.197
587.936 23.797
588.225 22.797
588.514 5.803
588.802 -9.222
589.091 47.892
589.380 71.009
589.669 7.835
589.958 1.807
590.247 -9.269
590.536 16.931
590.824 59.329
591.113 78.581
591.402 36.230
591.691 56.530
591.980 57.601
592.269 24.157
592.557 23.165
592.846 17.084
593.135 -34.833
593.424 36.450
593.713 16.099
594.002 44.642
594.290 27.312
594.579 31.421
594.868 21.217
595.157 -12.457
595.446 -5.314
595.735 -21.641
596.023 96.628
596.312 92.550
596.601 -25.670
596.890 7.926
597.179 29.259
597.468 76.945
597.757 25.117
598.045 -0.212
598.334 21.001
598.623 30.061
598.912 0.796
599.201 23.910
599.490 21.855
599.778 78.948
600.067 2.789
600.356 -14.182
600.645 7.758
600.934 -20.091
601.223 -4.182
601.511 9.701
601.800 -21.002
602.089 18.584
602.378 -4.158
602.667 18.528
602.956 53.978
603.244 -8.083
603.533 12.573
603.822 45.960
604.111 8.631
604.400 -3.153
604.689 -11.004
604.978 31.163
605.266 76.261
605.555 -2.171
605.844 29.173
606.133 4.687
606.422 41.905
606.711 37.008
606.999 42.884
607.288 23.296
607.577 5.666
607.866 56.596
608.155 38.966
608.444 12.521
608.732 37.007
609.021 19.377
609.310 1.747
609.599 10.561
609.888 36.026
610.177 -18.822
610.466 12.520
610.754 21.334
611.043 43.861
611.332 20.355
611.621 38.964
611.910 46.799
612.199 19.375
612.487 12.518
612.776 -0.214
613.065 -16.865
613.354 19.374
613.643 18.394
613.932 -6.092
614.220 -3.154
614.509 10.548
614.798 6.634
615.087 24.246
615.376 13.483
615.665 5.655
615.953 -31.528
616.242 39.901
616.531 32.073
616.820 -10.002
617.109 54.577
617.398 64.425
617.687 -16.852
617.975 -35.443
618.264 31.093
618.553 55.555
618.842 28.157
619.131 40.877
619.420 14.458
619.708 16.415
619.997 12.501
620.286 27.178
620.575 44.790
620.864 49.634
621.153 5.645
621.441 10.533
621.730 19.330
622.019 32.983
622.308 48.608
622.597 -2.174
622.886 -5.099
623.174 -26.562
623.463 -2.172
623.752 11.475
624.041 18.297
624.330 -19.714
624.619 72.878
624.908 26.069
625.196 32.884
625.485 10.489
625.774 39.700
626.063 22.151
626.352 14.369
626.641 2.696
626.929 26.988
627.218 0.748
627.507 48.321
627.796 33.725
628.085 -13.789
628.374 57.805
628.662 31.662
628.951 25.814
629.240 29.586
629.529 35.287
629.818 -7.877
630.107 -2.129
630.396 44.457
630.684 14.946
630.973 -9.662
631.262 26.122
631.551 56.015
631.840 58.552
632.129 20.230
632.417 46.963
632.706 -1.137
632.995 92.446
633.284 27.184
633.573 -3.849
633.862 16.998
634.150 12.413
634.439 11.469
634.728 -22.592
635.017 11.387
635.306 -4.653
635.595 27.274
635.883 13.054
636.172 56.229
636.461 23.560
636.750 33.184
637.039 23.497
637.328 2.424
637.617 19.968
637.905 28.739
638.194 -10.735
638.483 -23.036
638.772 18.244
639.061 30.600
639.350 52.700
639.638 46.609
639.927 27.222
640.216 20.196
640.505 -6.441
640.794 26.548
641.083 18.569
641.371 6.063
641.660 51.942
641.949 62.002
642.238 45.895
642.527 28.820
642.816 79.854
643.104 51.787
643.393 -3.881
643.682 10.787
643.971 85.413
644.260 32.094
644.549 9.952
644.838 22.038
645.126 51.867
645.415 36.154
645.704 -3.034
645.993 10.081
646.282 5.410
646.571 -42.603
646.859 71.535
647.148 60.317
647.437 17.794
647.726 86.269
648.015 43.576
648.304 -17.426
648.592 -0.235
648.881 -18.452
649.170 25.700
649.459 -13.712
649.748 10.380
650.037 0.728
650.326 54.993
650.614 58.012
650.903 28.942
651.192 54.339
651.481 17.336
651.770 -30.546
652.059 21.304
652.347 4.663
652.636 0.738
652.925 27.314
653.214 -17.980
653.503 11.600
653.792 -11.116
654.080 10.633
654.369 -6.188
654.658 28.493
654.947 4.712
655.236 -8.194
655.525 -62.874
655.813 29.600
656.102 27.638
656.391 37.635
656.680 -6.240
656.969 16.731
657.258 15.732
657.547 -33.253
657.835 -32.286
658.124 30.777
658.413 -15.284
658.702 1.750
658.991 25.823
659.280 66.946
659.568 33.881
659.857 42.917
660.146 22.836
660.435 2.758
660.724 19.844
661.013 41.954
661.301 27.883
661.590 -8.306
661.879 9.802
662.168 8.796
662.457 21.874
662.746 26.904
663.034 54.067
663.323 10.807
663.612 -37.483
663.901 26.903
664.190 49.036
664.479 -7.303
664.768 34.951
665.056 38.974
665.345 -13.340
665.634 6.781
665.923 42.955
666.212 -58.553
666.501 -3.277
666.789 33.875
667.078 41.906
667.367 4.758
667.656 4.753
667.945 -9.290
668.234 1.743
668.522 24.787
668.811 17.773
669.100 11.760
669.389 -5.269
669.678 35.772
669.967 57.736
670.256 56.736
670.544 41.694
670.833 42.693
671.122 39.656
671.411 30.674
671.700 15.688
671.989 37.584
672.277 40.572
672.566 -15.190
672.855 -39.032
673.144 14.645
673.433 5.693
673.722 21.582
674.010 17.592
674.299 -14.154
674.588 9.645
674.877 3.698
675.166 1.714
675.455 3.691
675.743 12.592
676.032 -4.219
676.321 -2.243
676.610 8.618
676.899 61.925
677.188 43.126
677.477 47.070
677.765 -25.908
678.054 24.363
678.343 38.156
678.632 20.402
678.921 -0.268
679.210 8.582
679.498 6.615
679.787 57.745
680.076 14.466
680.365 54.741
680.654 69.476
680.943 25.246
681.231 23.283
681.520 3.652
681.809 -23.799
682.098 -1.250
682.387 -8.113
682.676 18.339
682.964 -11.044
683.253 -3.209
683.542 15.400
683.831 6.585
684.120 -16.905
684.409 59.416
684.698 37.889
684.986 19.317
685.275 24.213
685.564 -8.108
685.853 -5.170
686.142 22.254
686.431 12.459
686.719 38.904
687.008 66.327
687.297 4.623
687.586 7.561
687.875 66.327
688.164 8.540
688.452 -48.268
688.741 -1.255
689.030 49.675
689.319 9.509
689.608 46.690
689.897 -2.234
690.186 32.013
690.474 -12.019
690.763 -20.825
691.052 35.926
691.341 14.413
691.630 26.166
691.919 0.701
692.207 46.734
692.496 6.577
692.785 55.602
693.074 18.347
693.363 -4.202
693.652 4.626
693.940 36.029
694.229 -28.741
694.518 0.700
694.807 19.364
695.096 48.881
695.385 32.165
695.673 61.724
695.962 21.369
696.251 33.180
696.540 -19.990
696.835 -38.747
697.130 18.452
697.425 33.244
697.720 42.161
698.015 0.700
698.310 0.700
698.605 21.451
698.900 1.688
699.195 33.341
699.490 24.439
699.785 33.374
700.080 57.136
700.375 18.540
700.670 8.629
700.965 32.447
701.260 26.494
701.555 24.534
701.850 -10.223
702.145 17.582
702.440 -13.216
702.735 44.438
703.030 -20.195
703.324 21.596
703.619 27.593
703.914 30.581
704.209 48.509
704.504 -11.253
704.799 4.688
705.094 8.676
705.389 -1.295
705.684 -3.289
705.979 15.654
706.274 26.647
706.569 1.697
706.864 33.666
707.159 12.687
707.454 31.668
707.749 33.699
708.044 22.699
708.339 4.698
708.634 -11.302
708.929 -29.332
709.224 28.755
709.519 51.801
709.814 46.837
710.109 29.786
710.404 -19.381
710.699 -35.446
710.994 -19.401
711.289 10.749
711.584 -22.440
711.879 1.705
712.174 -6.344
712.469 -51.668
712.764 -17.428
713.059 16.811
713.354 23.884
713.649 48.077
713.944 7.754
714.239 63.198
714.534 53.117
714.829 40.011
715.124 21.866
715.419 3.720
715.714 56.139
716.009 49.083
716.304 29.959
716.598 -41.686
716.893 21.908
717.188 -42.739
717.483 -1.326
717.778 48.267
718.073 -45.909
718.368 -17.541
718.663 5.768
718.958 -3.364
719.253 -8.449
719.548 23.078
719.843 26.156
720.138 -33.960
720.433 36.376
720.728 -17.669
721.023 49.729
721.318 23.171
721.613 -5.436
721.908 1.721
722.203 34.476
722.498 20.146
722.793 0.699
723.088 -1.350
723.383 41.682
723.678 15.058
723.973 61.211
724.268 56.083
724.563 23.262
724.858 6.851
725.153 -30.072
725.448 55.056
725.743 25.286
726.038 6.843
726.333 16.064
726.628 62.106
726.923 5.811
727.218 47.727
727.513 52.839
727.808 33.377
728.103 37.425
728.398 21.076
728.693 32.289
728.988 28.182
729.283 79.018
729.578 5.767
729.873 14.913
730.167 53.476
730.462 -10.473
730.757 39.182
731.052 1.693
731.347 -48.915
731.642 -36.732
731.937 2.698
732.232 27.951
732.527 5.722
732.822 43.015
733.117 79.225
733.412 24.844
733.707 22.806
734.002 24.793
734.297 35.812
734.592 18.724
734.887 44.757
735.182 45.759
735.477 63.731
735.772 30.667
736.067 29.637
736.362 -36.261
736.657 -39.256
736.952 -18.280
737.247 0.662
737.542 27.554
737.837 7.626
738.132 33.496
738.427 30.481
738.722 17.558
739.017 17.540
739.312 25.484
739.607 27.442
739.902 64.148
740.197 -14.211
740.492 -22.140
740.787 33.327
741.082 53.129
741.377 66.924
741.672 25.355
741.967 54.999
742.262 24.342
742.557 61.793
742.852 27.276
743.147 12.470
743.442 46.953
743.736 48.923
744.031 34.111
744.326 31.157
744.621 22.299
744.916 53.742
745.211 15.393
745.506 51.774
745.801 0.643
746.096 -1.323
746.391 -3.288
746.686 45.828
746.981 5.547
747.276 79.148
747.571 48.726
747.866 16.325
748.161 -5.244
748.456 37.893
748.751 -1.322
749.046 46.670
749.341 6.513
749.636 15.312
749.931 26.075
750.226 10.419
750.521 6.505
750.816 24.117
751.111 -5.238
751.406 2.590
751.701 29.986
751.996 44.663
752.291 45.641
752.586 37.813
752.881 6.501
753.176 -5.241
753.471 20.199
753.766 1.608
754.061 30.992
754.356 -32.671
754.651 -11.124
754.946 -7.207
755.241 6.505
755.536 27.072
755.831 -18.961
756.126 11.389
756.421 5.518
756.716 -22.858
757.010 31.936
757.305 -37.536
757.600 40.742
757.895 32.913
758.190 16.263
758.485 -13.076
758.780 31.934
759.075 20.192
759.370 -3.292
759.665 -9.163
759.960 36.861
760.255 21.189
760.550 43.716
760.845 31.013
761.140 36.895
761.435 24.173
761.730 37.949
762.025 32.055
762.320 11.437
762.615 20.286
762.910 -24.945
763.205 -27.923
763.500 34.084
763.802 62.689
764.104 25.250
764.406 30.176
764.708 23.302
765.010 8.508
765.312 -12.202
765.615 21.349
765.917 17.400
766.219 24.334
766.521 32.238
766.823 14.451
767.125 0.618
767.427 11.498
767.729 39.231
768.031 43.191
768.333 -9.284
768.635 26.385
768.937 23.411
769.239 -23.170
769.542 -24.186
769.844 22.441
770.146 -14.266
770.448 -33.148
770.750 5.580
771.052 28.448
771.354 -7.338
771.656 17.530
771.958 54.346
772.260 -6.358
772.562 21.552
772.864 58.499
773.166 21.572
773.468 46.569
773.771 51.615
774.073 -0.386
774.375 19.653
774.677 -16.420
774.979 -24.461
775.281 -6.413
775.583 36.796
775.885 41.821
776.187 14.699
776.489 18.742
776.791 10.696
777.093 33.915
777.395 14.757
777.698 67.350
778.000 3.652
778.302 -3.437
778.604 43.212
778.906 60.515
779.208 95.128
779.510 35.204
779.812 33.203
780.114 19.985
780.416 32.282
780.718 -1.427
781.020 25.183
781.322 -3.480
781.625 13.951
781.927 48.823
782.229 22.178
782.531 15.006
782.833 26.338
783.135 11.947
783.437 20.206
783.739 -18.989
784.041 18.181
784.343 30.608
784.645 13.041
784.947 -20.106
785.249 1.657
785.552 70.194
785.854 69.227
786.156 18.310
786.458 14.161
786.760 -15.021
787.062 -0.424
787.364 15.249
787.666 65.474
787.968 69.730
788.270 55.128
788.572 62.530
788.874 -13.048
789.176 -15.168
789.478 18.535
789.781 -0.432
790.083 -10.982
790.385 13.293
790.687 39.734
790.989 50.357
791.291 36.639
791.593 23.952
791.895 5.924
792.197 -21.671
792.499 -2.564
792.801 76.073
793.103 35.690
793.405 96.365
793.708 33.599
794.010 19.790
794.312 12.348
794.614 9.159
794.916 -42.069
795.218 15.577
795.520 13.455
795.822 18.822
796.124 -5.810
796.426 48.904
796.728 0.621
797.030 51.159
797.332 0.620
797.635 24.302
797.937 21.095
798.239 26.511
798.541 -31.777
798.843 31.938
799.145 4.945
799.447 21.183
799.749 16.854
800.051 -35.095
800.353 26.622
800.655 29.871
800.957 6.042
801.259 66.779
801.562 49.425
801.864 78.708
802.166 2.789
802.468 29.933
802.770 34.275
803.072 39.703
803.374 -1.557
803.676 51.702
803.978 -9.168
804.280 14.744
804.582 19.112
804.884 58.285
805.186 58.348
805.488 -16.816
805.791 46.414
806.093 32.272
806.395 30.121
806.697 13.742
806.999 25.777
807.301 26.900
807.603 54.281
807.905 35.700
808.207 52.204
808.509 71.962
808.811 15.979
809.113 30.281
809.415 30.281
809.718 46.764
810.020 -2.691
810.322 24.812
810.624 -13.708
810.926 44.661
811.228 53.530
811.530 18.249
811.834 23.787
812.137 28.232
812.441 0.608
812.744 -20.410
813.048 -8.252
813.351 46.062
813.655 -30.469
813.958 -0.503
814.262 -2.726
814.565 62.899
814.869 2.834
815.172 42.923
815.476 10.640
815.779 30.741
816.083 32.972
816.386 44.181
816.690 25.214
816.993 65.556
817.297 -15.089
817.600 39.888
817.904 70.269
818.208 6.230
818.511 52.349
818.815 31.011
819.118 -6.159
819.422 36.723
819.725 -15.197
820.029 15.277
820.332 -3.911
820.636 -14.070
820.939 -23.074
821.243 10.747
821.546 53.527
821.850 25.317
822.153 38.755
822.457 95.886
822.760 49.810
823.064 35.189
823.367 -21.683
823.671 16.124
823.974 27.162
824.278 32.590
824.582 -0.521
824.885 -2.713
825.189 51.940
825.492 18.000
825.796 24.456
826.099 13.553
826.403 8.106
826.706 -1.588
827.010 42.269
827.313 36.763
827.617 4.798
827.920 9.006
828.224 1.599
828.527 16.266
828.831 58.995
829.134 20.288
829.438 -0.501
829.741 -6.685
830.045 17.983
830.348 3.594
830.652 8.670
830.956 27.876
831.259 23.726
831.563 16.595
831.866 77.589
832.170 -5.467
832.473 7.450
832.777 14.323
833.080 -17.199
833.384 16.153
833.687 -45.270
833.991 32.468
834.294 43.882
834.598 24.477
834.901 -7.159
835.205 67.905
835.508 -5.195
835.812 -10.816
836.115 -5.148
836.419 42.406
836.722 37.570
837.026 16.174
837.330 17.955
837.633 -27.983
837.937 26.988
838.240 8.674
838.544 -3.193
838.847 -45.085
839.151 -25.027
839.454 -1.369
839.758 31.387
840.061 69.666
840.365 56.967
840.668 14.148
840.972 50.770
841.275 43.530
841.579 12.399
841.882 -8.765
842.186 28.178
842.489 24.549
842.793 32.052
843.097 30.277
843.400 23.819
843.704 12.650
844.007 -4.244
844.311 16.479
844.614 13.689
844.918 3.298
845.221 33.664
845.525 9.963
845.828 29.029
846.132 38.626
846.435 53.944
846.739 71.203
847.042 12.885
847.346 -19.639
847.649 -10.070
847.953 14.809
848.256 1.411
848.560 -11.986
848.863 31.075
849.167 23.397
849.471 22.440
849.774 53.988
850.078 49.160
850.381 -4.323
850.685 48.112
850.988 -5.268
851.292 17.555
851.595 40.330
851.899 18.452
852.202 43.960
852.506 37.301
852.809 5.150
853.113 -12.734
853.416 4.190
853.720 -2.376
854.023 -3.304
854.327 -34.953
854.630 32.925
854.934 1.351
855.237 33.695
855.541 -10.638
855.845 20.640
856.148 5.918
856.452 -10.553
856.755 0.414
857.059 -5.042
857.362 -8.663
857.666 0.409
857.969 22.088
858.273 -9.512
858.576 50.810
858.880 56.109
859.183 -4.082
859.487 18.306
859.790 -39.815
860.094 12.887
860.397 10.201
860.701 33.314
861.004 26.172
861.308 18.139
861.611 7.484
861.915 -24.410
862.219 16.319
862.522 -4.028
862.826 33.927
863.129 17.142
863.433 40.914
863.736 42.638
864.040 33.835
864.343 35.595
864.647 22.390
864.950 57.600
865.254 -14.584
865.557 -5.787
865.861 43.552
866.164 -22.548
866.468 14.488
866.771 25.114
867.075 10.989
867.378 3.918
867.682 -9.374
867.985 3.040
868.289 22.600
868.593 12.833
868.896 -5.861
869.200 18.218
869.503 20.037
869.807 11.130
870.110 93.734
870.414 14.779
870.717 24.724
871.021 8.507
871.324 10.341
871.628 33.984
871.931 8.567
872.235 29.575
872.538 15.017
872.842 38.911
873.145 51.945
873.449 25.310
873.752 39.269
874.056 31.979
874.359 -14.531
874.663 17.203
874.967 32.246
875.270 -4.318
875.574 -1.503
875.877 56.148
876.181 60.098
876.484 30.801
876.788 36.608
877.091 13.768
877.395 -32.215
877.698 -30.356
878.002 12.908
878.305 -11.199
878.609 34.266
878.912 31.422
879.216 13.989
879.519 0.384
879.823 3.314
880.126 -32.852
880.430 -37.814
880.733 18.048
881.037 13.153
881.341 35.781
881.644 3.338
881.948 27.009
882.251 1.368
882.555 34.011
882.858 -9.520
883.162 -19.461
883.465 -3.592
883.769 5.350
884.072 61.075
884.376 63.190
884.679 70.379
884.983 -15.622
885.286 47.377
885.590 9.376
885.893 31.375
886.197 -11.626
886.500 -13.626
886.804 16.373
887.107 50.372
887.411 32.371
887.715 4.370
888.018 27.369
888.322 40.368
888.625 15.367
888.929 42.366
889.232 -9.635
889.536 17.364
889.839 4.363
890.143 14.362
890.446 28.362
890.750 3.361
891.053 43.360
891.357 63.359
891.660 4.358
891.964 1.357
892.267 7.356
892.571 -13.645
892.874 12.354
893.178 4.353
893.482 -21.648
893.785 19.351
894.089 25.350
894.392 81.349
894.696 12.348
894.999 -6.653
895.303 12.346
895.606 28.345
895.910 28.344
896.213 70.343
896.517 42.342
896.820 70.341
897.124 54.340
897.427 39.339
897.731 45.338
898.034 -13.663
898.338 17.336
898.641 33.335
898.945 28.334
899.248 14.333
899.552 -7.668
899.856 -28.669
900.159 -25.670
900.463 30.329
900.766 34.328
901.070 18.327
901.373 -25.674
901.677 38.325
901.980 41.324
902.284 -11.677
902.587 40.322
902.891 3.321
903.194 34.320
903.498 -10.681
903.801 -9.682
904.105 5.317
904.408 2.316
904.712 24.315
905.015 89.314
905.319 -7.687
905.622 30.312
905.926 22.311
906.230 20.310
906.533 13.309
906.837 4.308
907.140 -4.693
907.444 -4.694
907.747 23.305
908.051 4.304
908.354 38.303
908.658 24.302
908.961 30.300
909.265 38.299
909.568 41.298
909.872 -6.703
910.175 51.296
910.479 22.295
910.782 11.294
911.086 44.293
911.389 60.292
911.693 10.291
911.996 16.290
912.300 0.289
912.609 69.287
912.918 57.286
913.227 20.285
913.537 16.284
913.846 31.283
914.155 79.282
914.464 78.281
914.773 63.280
915.082 19.279
915.391 2.278
915.700 2.276
916.010 6.275
916.319 46.274
916.628 29.273
916.937 75.272
917.246 42.271
917.555 26.270
917.864 6.268
918.174 10.267
918.483 3.266
918.792 3.265
919.101 -30.736
919.410 11.263
919.719 -1.738
920.028 1.260
920.337 37.259
920.647 -21.742
920.956 -0.743
921.265 39.256
921.574 10.255
921.883 -0.747
922.192 -44.748
922.501 55.251
922.811 -4.750
923.120 66.249
923.429 14.248
923.738 -10.754
924.047 -34.755
924.356 26.244
924.665 5.243
924.974 16.242
925.284 21.240
925.593 15.239
925.902 39.238
926.211 9.237
926.520 60.236
926.829 27.234
927.138 -43.767
927.448 -0.768
927.757 -6.769
928.066 -12.770
928.375 -25.772
928.684 2.227
928.993 3.226
929.302 31.225
929.611 1.223
929.921 20.222
930.230 54.221
930.539 -19.780
930.848 39.218
931.157 58.217
931.466 0.216
931.775 27.215
932.085 7.213
932.394 36.212
932.703 27.211
933.012 29.210
933.321 5.208
933.630 -37.793
933.939 -22.794
934.248 24.205
934.558 29.203
934.867 28.202
935.176 22.201
935.485 41.199
935.794 25.198
936.103 12.197
936.412 -11.805
936.721 41.194
937.031 42.193
937.340 18.192
937.649 6.190
937.958 34.189
938.267 62.188
938.576 16.186
938.885 56.185
939.195 21.184
939.504 -24.818
939.813 10.181
940.122 -7.820
940.431 -17.822
940.740 43.177
941.049 32.176
941.359 59.174
941.668 -1.827
941.977 6.172
942.286 10.170
942.595 3.169
942.904 42.167
943.213 28.166
943.522 4.165
943.832 17.163
944.141 -17.838
944.450 -21.839
944.759 18.159
945.068 -0.842
945.377 -13.844
945.686 -11.845
945.995 -10.846
946.305 -25.848
946.614 10.151
946.923 12.149
947.232 14.148
947.541 38.147
947.850 52.145
948.159 75.144
948.469 63.142
948.778 -9.859
949.087 -9.860
949.396 -37.862
949.705 -15.863
950.014 2.135
950.323 -1.866
950.632 24.132
950.942 19.131
951.251 16.129
951.560 42.128
951.869 22.127
952.178 37.125
952.487 9.124
952.796 36.122
953.106 20.121
953.415 34.119
953.724 31.118
954.033 -6.884
954.342 22.115
954.651 22.113
954.960 -4.888
955.269 8.110
955.579 21.109
955.888 -17.893
956.197 -21.894
956.506 4.104
956.815 11.103
957.124 11.101
957.433 -1.900
957.743 -5.902
958.052 43.097
958.361 6.095
958.670 17.094
958.979 40.092
959.288 22.091
959.597 14.089
959.906 0.087
960.216 -21.914
960.525 23.084
960.834 5.083
961.143 -44.919
961.452 28.080
961.761 58.078
962.070 48.077
962.380 41.075
962.689 -6.927
962.998 33.072
963.307 -2.930
963.616 56.069
963.925 50.067
964.234 38.065
964.543 -13.936
964.853 17.062
965.162 4.061
965.471 -12.941
965.780 -53.943
966.092 7.056
966.404 -23.946
966.716 -64.948
967.028 35.051
967.340 -23.951
967.652 -4.952
967.964 26.046
968.276 -2.956
968.588 3.043
968.900 29.041
969.212 30.039
969.524 16.038
969.836 24.036
970.148 -42.966
970.460 -34.967
970.772 18.031
971.084 -28.971
971.396 -43.973
971.708 -15.974
972.020 49.024
972.332 -13.978
972.644 25.021
972.956 -17.981
973.268 80.017
973.580 0.016
973.892 52.014
974.204 19.012
974.516 -15.990
974.828 34.009
975.140 38.007
975.452 0.005
975.764 36.003
976.076 27.002
976.388 42.000
976.700 25.998
977.012 50.996
977.324 -28.005
977.636 -9.007
977.948 34.991
978.260 18.989
978.572 24.987
978.884 1.986
979.196 42.984
979.508 -11.018
979.820 21.980
980.132 46.978
980.444 13.977
980.756 79.975
981.068 52.973
981.380 33.971
981.692 50.969
982.004 -4.033
982.316 25.966
982.628 -13.036
982.940 44.962
983.252 15.960
983.564 37.958
983.876 28.956
984.188 25.954
984.500 56.953
984.812 16.951
985.124 45.949
985.436 11.947
985.748 -3.055
986.060 11.943
986.372 13.941
986.684 0.939
986.996 33.937
987.308 40.936
987.620 9.934
987.932 -28.068
988.244 -5.070
988.556 6.928
988.868 31.926
989.180 35.924
989.492 92.922
989.804 53.920
990.116 57.918
990.428 42.916
990.740 -7.086
991.052 -11.088
991.364 31.910
991.676 14.908
991.988 -10.094
992.300 -4.096
992.612 -43.098
992.924 6.900
993.236 25.898
993.548 63.896
993.860 -12.106
994.172 -26.108
994.484 13.890
994.796 -36.112
995.108 1.886
995.420 22.884
995.732 31.882
996.044 62.880
996.356 69.878
996.668 29.876
996.980 0.874
997.292 28.872
997.604 7.870
997.916 -20.132
998.228 71.865
998.540 35.863
998.852 9.861
999.164 23.859
999.476 40.857
999.788 22.855
1000.100 23.853
1000.412 1.851
1000.724 24.849
1001.036 -8.154
1001.348 15.844
1001.660 20.842
1001.972 55.840
1002.284 36.838
1002.596 45.836
1002.908 -16.167
1003.220 3.831
1003.532 42.829
1003.844 -3.173
1004.156 64.825
1004.468 39.823
1004.780 28.820
1005.092 26.818
1005.404 -8.184
1005.716 18.814
1006.028 43.811
1006.340 32.809
1006.652 33.807
1006.964 -26.195
1007.276 36.803
1007.588 -3.200
1007.900 65.798
1008.212 2.796
1008.524 -1.206
1008.836 16.791
1009.148 -0.211
1009.460 -3.213
1009.772 12.784
1010.084 1.782
1010.396 35.780
1010.708 16.777
1011.020 63.775
1011.332 45.773
1011.644 47.771
1011.956 25.768
1012.268 6.766
1012.580 31.763
1012.892 22.761
1013.204 46.759
1013.516 39.756
1013.828 36.754
1014.140 41.752
1014.452 10.749
1014.764 -0.253
1015.076 -11.255
1015.388 25.742
1015.700 -4.260
1016.012 0.737
1016.324 47.735
1016.636 -2.268
1016.948 10.730
1017.260 35.728
1017.572 20.725
1017.884 1.723
1018.196 47.720
1018.508 23.718
1018.820 -27.285
1019.132 -13.287
1019.444 18.710
1019.756 68.708
1020.068 1.705
1020.380 10.703
1020.692 34.700
1021.004 24.698
1021.316 33.695
1021.628 43.693
1021.940 1.690
1022.252 8.688
1022.564 -19.315
1022.876 -5.317
1023.188 63.680
1023.500 9.678
1023.812 20.675
1024.124 18.672
1024.436 -21.330
1024.748 -26.333
1025.060 -28.335
1025.372 25.662
1025.684 17.659
1025.996 -16.343
1026.308 16.654
1026.620 48.652
1026.932 28.649
1027.244 -4.354
1027.556 -10.356
1027.868 18.641
1028.180 29.638
1028.492 11.636
1028.804 45.633
1029.116 49.630
1029.428 27.628
1029.740 73.625
1030.052 28.622
1030.364 45.619
1030.676 5.617
1030.988 -2.386
1031.300 -11.389
1031.612 -5.391
1031.924 7.606
1032.236 50.603
1032.548 47.600
1032.860 81.598
1033.172 40.595
1033.484 2.592
1033.796 11.589
1034.108 -5.414
1034.420 -31.416
1034.732 -0.419
1035.044 32.578
1035.356 21.575
1035.668 29.572
1035.980 19.569
1036.292 6.567
1036.604 5.564
1036.916 7.561
1037.228 35.558
1037.540 23.555
1037.852 -14.448
1038.164 4.549
1038.476 37.546
1038.788 38.544
1039.100 6.541
1039.412 26.538
1039.724 3.535
1040.036 -0.468
1040.348 -35.471
1040.660 -2.474
1040.972 20.523
1041.284 -3.480
1041.596 41.517
1041.908 37.514
1042.220 -2.489
1042.532 25.508
1042.844 -5.495
1043.156 2.502
1043.468 35.499
1043.780 69.496
1044.092 55.493
1044.404 47.490
1044.716 57.487
1045.028 14.484
1045.340 -12.519
1045.652 -49.522
1045.964 0.475
1046.276 11.471
1046.588 29.468
1046.900 -8.535
1047.212 10.462
1047.524 41.459
1047.836 -4.544
1048.148 -9.547
1048.460 -10.550
1048.772 -72.554
1049.084 17.443
1049.396 -26.560
1049.708 40.437
1050.020 32.434
1050.332 14.430
1050.644 4.427
1050.956 17.424
1051.268 0.421
1051.580 14.418
1051.892 12.414
1052.204 16.411
1052.516 56.408
1052.828 48.405
1053.140 19.401
1053.452 4.398
1053.764 27.395
1054.076 6.391
1054.388 -36.612
1054.700 85.385
1055.012 2.381
1055.324 3.378
1055.636 15.375
1055.948 30.371
1056.260 -33.632
1056.572 29.365
1056.884 14.361
1057.196 6.358
1057.508 1.355
1057.820 33.351
1058.132 -22.652
1058.444 -4.656
1058.756 40.341
1059.068 59.337
1059.380 13.334
1059.692 -8.670
1060.004 60.327
1060.316 36.324
1060.628 33.320
1060.940 -1.683
1061.252 -28.687
1061.564 -8.690
1061.876 36.306
1062.188 -11.698
1062.500 -0.701
1062.812 -26.705
1063.124 -19.708
1063.436 24.288
1063.748 48.285
1064.060 -25.719
1064.372 -45.723
1064.684 15.274
1064.996 12.270
1065.308 3.267
1065.620 5.263
1065.932 42.259
1066.244 -11.744
1066.556 -32.748
1066.868 6.248
1067.180 2.245
1067.492 -6.759
1067.804 74.237
1068.116 12.234
1068.428 47.230
1068.740 24.226
1069.052 42.222
1069.364 1.219
1069.676 -24.785
1069.988 -7.789
1070.300 8.207
1070.612 35.204
1070.924 43.200
1071.236 -21.804
1071.548 17.192
1071.860 17.188
1072.172 9.184
1072.484 44.181
1072.796 13.177
1073.108 0.173
1073.420 -49.831
1073.732 19.165
1074.044 53.161
1074.356 43.157
1074.668 27.153
1074.980 -2.850
1075.292 16.146
1075.604 29.142
1075.916 0.138
1076.228 30.134
1076.540 -20.870
1076.852 29.126
1077.164 41.122
1077.476 56.118
1077.788 -3.886
1078.100 -16.890
1078.412 15.106
1078.724 49.102
1079.036 -32.902
1079.348 -12.907
1079.660 -12.911
1079.972 31.085
1080.284 21.081
1080.596 34.077
1080.908 1.073
1081.220 1.069
1081.532 -14.935
1081.844 -0.939
1082.156 -27.944
1082.468 -14.948
1082.780 13.048
1083.092 -24.956
1083.404 27.040
1083.716 17.035
1084.028 25.031
1084.340 4.027
1084.652 23.023
1084.964 33.018
1085.276 57.014
1085.588 33.010
1085.900 -16.994
1086.212 22.001
1086.524 17.997
1086.836 5.993
1087.148 48.988
1087.460 60.984
1087.772 16.980
1088.084 45.975
1088.396 -17.029
1088.708 0.966
1089.020 -20.038
1089.332 45.958
1089.644 29.953
1089.956 7.949
1090.268 5.944
1090.580 14.940
1090.892 24.935
1091.204 37.931
1091.516 -14.074
1091.828 9.922
1092.140 30.917
1092.465 36.913
1092.790 10.908
1093.114 12.904
1093.439 -20.101
1093.764 16.895
1094.089 -7.110
1094.414 -3.114
1094.739 -62.119
1095.063 -4.124
1095.388 28.872
1095.713 9.867
1096.038 3.862
1096.363 6.858
1096.688 -27.147
1097.012 -13.152
1097.337 1.844
1097.662 47.839
1097.987 75.834
1098.312 6.830
1098.637 2.825
1098.961 33.820
1099.286 54.815
1099.611 10.811
1099.936 19.806
1100.261 -29.199
1100.586 -39.204
1100.910 -43.209
1101.235 10.787
1101.560 -4.218
1101.885 41.777
1102.210 32.772
1102.535 26.767
1102.859 -3.238
1103.184 -11.243
1103.509 37.752
1103.834 24.747
1104.159 31.743
1104.484 32.738
1104.808 39.733
1105.133 16.728
1105.458 30.723
1105.783 39.718
1106.108 -5.287
1106.432 -31.292
1106.757 7.703
1107.082 4.698
1107.407 -49.308
1107.732 4.687
1108.057 24.682
1108.381 62.677
1108.706 18.672
1109.031 -7.333
1109.356 39.662
1109.681 -13.343
1110.006 -8.348
1110.330 0.646
1110.655 -5.359
1110.980 -6.364
1111.305 -3.369
1111.630 -7.374
1111.955 46.620
1112.279 51.615
1112.604 -8.390
1112.929 13.605
1113.254 11.599
1113.579 24.594
1113.904 22.589
1114.228 32.584
1114.553 25.578
1114.878 59.573
1115.203 49.568
1115.528 -12.438
1115.853 -42.443
1116.177 -28.449
1116.502 9.546
1116.827 20.541
1117.152 12.535
1117.477 5.530
1117.802 26.524
1118.126 2.519
1118.451 -20.487
1118.776 -37.492
1119.101 -22.498
1119.426 23.497
1119.751 9.491
1120.075 -32.514
1120.400 5.480
1120.725 39.475
1121.050 16.469
1121.375 -16.536
1121.699 23.458
1122.024 16.453
1122.349 38.447
1122.674 -19.559
1122.999 22.436
1123.324 9.430
1123.648 36.424
1123.973 7.419
1124.298 36.413
1124.623 47.407
1124.948 4.402
1125.273 9.396
1125.597 20.390
1125.922 -5.616
1126.247 35.379
1126.572 31.373
1126.897 31.367
1127.222 51.361
1127.546 14.356
1127.871 56.350
1128.196 48.344
1128.521 2.338
1128.846 -37.668
1129.171 -0.674
1129.495 -13.680
1129.820 25.315
1130.145 55.309
1130.470 19.303
1130.795 36.297
1131.120 -15.709
1131.444 34.285
1131.769 9.279
1132.094 5.273
1132.419 8.267
1132.744 53.261
1133.069 32.255
1133.393 31.249
1133.718 26.243
1134.043 50.237
1134.368 15.231
1134.693 16.225
1135.017 -33.781
1135.342 -4.787
1135.667 21.207
1135.992 5.201
1136.317 9.194
1136.642 -1.812
1136.966 17.182
1137.291 20.176
1137.616 44.170
1137.941 -4.836
1138.266 -4.843
1138.591 -16.849
1138.915 39.145
1139.240 42.139
1139.565 41.133
1139.890 13.126
1140.215 31.120
1140.540 0.114
1140.864 38.108
1141.189 7.101
1141.514 32.095
1141.839 39.089
1142.164 -13.918
1142.489 5.076
1142.813 52.070
1143.138 -10.937
1143.463 -26.943
1143.788 -29.949
1144.113 17.044
1144.438 4.038
1144.762 41.031
1145.087 28.025
1145.412 -26.982
1145.737 28.012
1146.062 51.006
1146.387 42.999
1146.711 63.993
1147.036 12.986
1147.361 11.980
1147.686 3.973
1148.011 5.967
1148.335 4.960
1148.660 49.954
1148.985 51.947
1149.310 0.940
1149.635 38.934
1149.960 25.927
1150.284 9.921
1150.609 -32.086
1150.934 -13.092
1151.259 4.901
1151.584 8.894
1151.909 55.888
1152.233 7.881
1152.558 -28.126
1152.883 9.868
1153.208 22.861
1153.533 -0.146
1153.858 -6.152
1154.182 11.841
1154.507 26.834
1154.832 7.828
1155.157 -20.179
1155.482 77.814
1155.807 33.807
1156.131 25.801
1156.456 10.794
1156.781 -18.213
1157.106 -4.220
1157.431 -30.226
1157.756 17.767
1158.080 16.760
1158.405 56.753
1158.730 -21.254
1159.055 73.739
1159.380 10.733
1159.705 2.726
1160.029 13.719
1160.354 -26.288
1160.679 37.705
1161.004 21.698
1161.329 -4.309
1161.653 17.685
1161.978 50.678
1162.303 64.671
1162.628 -14.336
1162.953 21.657
1163.278 -32.350
1163.602 1.643
1163.927 -28.364
1164.252 -23.371
1164.577 51.622
1164.902 6.615
1165.227 -5.392
1165.551 33.601
1165.876 11.594
1166.201 29.587
1166.526 4.580
1166.851 -1.427
1167.176 -9.434
1167.500 20.559
1167.825 5.552
1168.150 16.545
1168.475 26.538
1168.800 -1.469
1169.125 1.524
1169.449 -11.483
1169.774 -22.490
1170.099 -47.497
1170.424 -4.504
1170.749 -8.511
1171.074 70.482
1171.398 6.475
1171.723 43.468
1172.048 10.461
1172.373 23.454
1172.698 38.446
1173.023 12.439
1173.347 18.432
1173.672 31.425
1173.997 57.418
1174.322 16.411
1174.647 6.404
1174.972 35.397
1175.296 -3.610
1175.621 8.383
1175.946 20.375
1176.271 3.368
1176.596 12.361
1176.920 10.354
1177.245 34.347
1177.570 13.340
1177.895 -28.667
1178.220 -7.675
1178.545 -50.682
1178.869 -10.689
1179.194 27.304
1179.519 -11.703
1179.844 10.290
1180.169 -33.717
1180.494 54.275
1180.818 31.268
1181.143 -12.739
1181.468 37.254
1181.793 -28.753
1182.118 -1.760
1182.443 19.233
1182.767 16.225
1183.092 51.218
1183.417 20.211
1183.742 23.204
1184.067 10.197
1184.392 -26.810
1184.716 26.183
1185.041 -15.825
1185.366 25.168
1185.691 10.161
1186.016 34.154
1186.341 -16.853
1186.665 41.140
1186.990 9.133
1187.315 58.126
1187.640 -10.882
1187.965 -9.889
1188.290 1.104
1188.614 -9.903
1188.939 8.090
1189.264 -18.917
1189.589 -13.924
1189.914 -19.931
1190.238 -18.938
1190.563 -16.945
1190.888 36.047
1191.213 -14.960
1191.538 26.033
1191.863 41.026
1192.187 24.019
1192.512 23.012
1192.837 30.005
1193.162 55.998
1193.487 63.991
1193.812 16.984
1194.136 15.977
1194.461 17.970
1194.786 -50.037
1195.111 -25.044
1195.436 -9.051
1195.761 -40.058
1196.085 4.935
1196.410 13.928
1196.735 11.921
1197.060 62.914
1197.385 4.907
1197.710 -28.100
1198.034 16.893
1198.359 24.886
1198.684 -17.121
1199.009 -8.127
1199.334 14.866
1199.659 39.859
1199.983 20.852
1200.308 18.845
1200.633 50.838
1200.958 -33.169
1201.283 18.825
1201.608 7.818
1201.932 -26.189
1202.257 -29.196
1202.582 10.797
1202.907 30.791
1203.232 6.784
1203.556 48.777
1203.881 7.770
1204.206 -36.236
1204.531 -2.243
1204.856 16.750
1205.181 10.744
1205.505 33.737
1205.830 29.730
1206.155 33.724
1206.480 56.717
1206.805 8.711
1207.130 10.704
1207.454 3.697
1207.779 18.691
1208.104 58.684
1208.429 33.678
1208.754 65.671
1209.079 38.665
1209.403 19.658
1209.728 14.652
1210.053 -1.355
1210.378 -14.361
1210.703 16.633
1211.028 33.626
1211.352 -32.380
1211.677 -62.386
1212.002 -0.393
1212.327 31.601
1212.652 28.595
1212.977 22.588
1213.301 20.582
1213.626 21.576
1213.951 34.570
1214.276 -18.436
1214.601 -29.443
1214.926 10.551
1215.250 -18.455
1215.575 5.539
1215.900 2.533
1216.225 18.527
1216.550 28.521
1216.875 27.515
1217.199 28.509
1217.524 -12.497
1217.849 35.497
1218.174 34.491
1218.499 59.485
1218.823 17.479
1219.148 -0.527
1219.473 15.468
1219.798 -4.538
1220.123 3.456
1220.448 20.450
1220.772 16.445
1221.097 14.439
1221.422 55.433
1221.747 41.428
1222.072 32.422
1222.397 -13.584
1222.721 6.411
1223.046 38.405
1223.371 -47.600
1223.696 -5.606
