165.214 -32.043
165.472 -18.043
165.730 -37.043
165.987 -35.043
166.245 47.957
166.503 16.957
166.761 29.957
167.019 28.957
167.277 -19.043
167.534 -27.043
167.792 -1.043
168.050 -24.043
168.308 16.957
168.566 12.957
168.824 54.957
169.081 54.957
169.339 49.957
169.597 61.957
169.855 70.957
170.113 -0.043
170.371 -43.043
170.628 4.957
170.886 -0.043
171.144 -20.043
171.402 -33.043
171.660 -36.043
171.917 52.957
172.175 40.957
172.433 20.957
172.691 59.957
172.949 33.957
173.207 -12.043
173.464 28.957
173.722 20.957
173.980 16.957
174.238 40.957
174.496 20.957
174.754 56.957
175.011 26.956
175.269 12.956
175.527 32.956
175.785 -7.044
176.043 -16.044
176.301 17.956
176.558 -24.044
176.816 38.956
177.074 26.956
177.332 36.956
177.590 39.956
177.848 10.956
178.105 4.956
178.363 18.956
178.621 32.956
178.879 33.956
179.137 -23.044
179.395 -16.044
179.652 9.956
179.910 9.956
180.168 54.956
180.426 0.956
180.684 13.956
180.942 4.956
181.199 7.956
181.457 -7.044
181.715 -19.044
181.973 -11.044
182.231 13.956
182.489 -23.044
182.746 28.956
183.004 -22.044
183.262 -40.044
183.520 -24.044
183.778 50.956
184.036 71.956
184.293 21.956
184.551 0.956
184.809 -13.044
185.067 -10.044
185.325 13.956
185.583 15.956
185.840 -2.044
186.098 41.955
186.356 60.955
186.614 12.955
186.872 5.955
187.130 40.955
187.387 50.955
187.645 -43.045
187.903 21.955
188.161 23.955
188.419 -5.045
188.677 38.955
188.934 27.955
189.192 64.955
189.450 20.955
189.708 23.955
189.966 -24.045
190.224 -37.045
190.481 2.955
190.739 -1.045
190.997 -20.045
191.255 21.955
191.513 14.955
191.771 13.955
192.028 50.955
192.286 39.955
192.544 15.955
192.802 -5.045
193.060 53.955
193.317 5.955
193.575 48.955
193.833 46.955
194.091 36.955
194.349 22.955
194.607 5.955
194.864 24.955
195.122 -0.045
195.380 25.955
195.638 12.955
195.896 22.955
196.154 38.955
196.411 -18.045
196.669 33.955
196.927 -4.046
197.185 18.954
197.443 -5.046
197.701 24.954
197.958 20.954
198.216 -0.046
198.474 -18.046
198.732 1.954
198.990 12.954
199.248 2.954
199.505 3.954
199.763 42.954
200.021 -21.046
200.279 30.954
200.537 -14.046
200.795 -38.046
201.052 0.954
201.310 23.954
201.568 19.954
201.826 -33.046
202.084 -12.046
202.342 8.954
202.599 22.954
202.857 12.954
203.115 9.954
203.373 7.954
203.631 -0.046
203.889 6.954
204.146 4.954
204.404 20.954
204.662 38.954
204.920 32.954
205.178 9.954
205.436 -23.046
205.693 -26.046
205.951 -20.046
206.209 12.954
206.467 35.954
206.725 33.954
206.983 1.954
207.240 6.953
207.498 -3.047
207.756 -30.047
208.014 12.953
208.272 14.953
208.530 48.953
208.787 40.953
209.045 19.953
209.303 25.953
209.561 35.953
209.819 24.953
210.077 22.953
210.334 10.953
210.592 -3.047
210.850 -26.047
211.108 41.953
211.366 -15.047
211.624 12.953
211.881 -6.047
212.139 35.953
212.397 38.953
212.655 10.953
212.913 26.953
213.170 -31.047
213.428 13.953
213.686 -11.047
213.944 19.953
214.202 42.953
214.460 30.953
214.717 8.953
214.975 22.953
215.233 29.953
215.491 17.953
215.749 -36.047
216.007 -1.047
216.264 64.953
216.522 30.953
216.780 65.953
217.038 33.953
217.296 20.952
217.554 -19.048
217.811 17.952
218.069 5.952
218.327 -15.048
218.585 -11.048
218.843 8.952
219.101 21.952
219.358 -15.048
219.616 -15.048
219.874 2.952
220.132 28.952
220.390 6.952
220.648 9.952
220.905 22.952
221.163 -14.048
221.421 29.952
221.679 80.952
221.937 16.952
222.195 0.952
222.452 14.952
222.710 5.952
222.968 3.952
223.226 -0.048
223.484 37.952
223.742 19.952
223.999 -15.048
224.257 14.952
224.515 32.952
224.773 19.952
225.031 33.952
225.289 -15.048
225.546 -4.048
225.804 -32.048
226.062 0.952
226.320 6.952
226.578 28.952
226.836 16.952
227.093 26.951
227.351 5.951
227.609 4.951
227.867 -30.049
228.125 -55.049
228.383 -17.049
228.640 31.951
228.898 37.951
229.156 71.951
229.414 30.951
229.672 0.951
229.930 55.951
230.187 -10.049
230.445 50.951
230.703 -25.049
230.961 -3.049
231.219 12.951
231.477 64.951
231.734 50.951
231.992 53.951
232.250 18.951
232.508 2.951
232.766 8.951
233.024 2.951
233.281 24.951
233.539 3.951
233.797 28.951
234.055 54.951
234.313 6.951
234.570 21.951
234.828 62.951
235.086 4.951
235.344 18.951
235.602 -11.049
235.860 -25.049
236.117 9.951
236.375 -3.050
236.633 3.950
236.891 57.950
237.149 11.950
237.407 14.950
237.664 66.950
237.922 -38.050
238.180 25.950
238.438 -17.050
238.696 26.950
238.954 29.950
239.211 49.950
239.469 54.950
239.727 42.950
239.985 36.950
240.243 -4.050
240.501 64.950
240.758 9.950
241.016 -23.050
241.274 11.950
241.532 9.950
241.790 14.950
242.048 -45.050
242.305 -3.050
242.563 -19.050
242.821 21.950
243.079 -13.050
243.337 58.950
243.595 25.950
243.852 78.950
244.110 60.950
244.368 33.950
244.626 17.950
244.884 -12.050
245.142 -16.050
245.399 17.950
245.657 -47.051
245.915 15.949
246.173 20.949
246.431 62.949
246.689 32.949
246.946 24.949
247.204 -9.051
247.462 34.949
247.720 -10.051
247.978 4.949
248.236 0.949
248.493 -26.051
248.751 -31.051
249.009 32.949
249.267 -5.051
249.525 -15.051
249.783 6.949
250.040 -17.051
250.298 -27.051
250.556 31.949
250.814 -76.051
251.072 -64.051
251.330 28.949
251.587 -11.051
251.845 55.949
252.103 52.949
252.361 2.949
252.619 6.949
252.877 -16.051
253.134 6.949
253.392 -8.051
253.650 23.949
253.910 19.949
254.170 88.949
254.430 46.948
254.690 -2.052
254.950 33.948
255.209 21.948
255.469 -22.052
255.729 31.948
255.989 4.948
256.249 12.948
256.509 26.948
256.769 1.948
257.029 77.948
257.289 69.948
257.549 -10.052
257.809 34.948
258.069 -8.052
258.328 4.948
258.588 24.948
258.848 47.948
259.108 16.948
259.368 7.948
259.628 3.948
259.888 32.948
260.148 36.948
260.408 11.948
260.668 62.948
260.928 -9.052
261.187 11.948
261.447 27.948
261.707 22.948
261.967 -10.052
262.227 21.948
262.487 75.948
262.747 50.948
263.007 30.948
263.267 -9.053
263.527 44.947
263.787 -20.053
264.047 26.947
264.306 -2.053
264.566 -3.053
264.826 20.947
265.086 4.947
265.346 -34.053
265.606 3.947
265.866 20.947
266.126 -6.053
266.386 41.947
266.646 77.947
266.906 18.947
267.165 0.947
267.425 47.947
267.685 11.947
267.945 -9.053
268.205 -38.053
268.465 -19.053
268.725 -20.053
268.985 61.947
269.245 3.947
269.505 37.947
269.765 32.947
270.024 22.947
270.284 27.947
270.544 -21.053
270.804 34.947
271.064 47.947
271.324 -28.053
271.584 33.946
271.844 20.946
272.104 23.946
272.364 2.946
272.624 33.946
272.884 70.946
273.143 18.946
273.403 17.946
273.663 3.946
273.923 -0.054
274.183 -0.054
274.443 18.946
274.703 41.946
274.963 -8.054
275.223 24.946
275.483 19.946
275.743 8.946
276.002 -1.054
276.262 19.946
276.522 -10.054
276.782 48.946
277.042 34.946
277.302 19.946
277.562 13.946
277.822 20.946
278.082 32.946
278.342 -9.054
278.602 -10.054
278.862 -1.054
279.121 15.946
279.381 -26.054
279.641 -47.054
279.901 -29.055
280.161 28.945
280.421 48.945
280.681 12.945
280.941 74.945
281.201 11.945
281.461 28.945
281.721 28.945
281.980 28.945
282.240 34.945
282.500 36.945
282.760 24.945
283.020 34.945
283.280 40.945
283.540 -2.055
283.800 -16.055
284.060 4.945
284.320 4.945
284.580 26.945
284.840 22.945
285.099 -25.055
285.359 3.945
285.619 5.945
285.879 14.945
286.139 23.945
286.399 -31.055
286.659 -12.055
286.919 -1.055
287.179 72.945
287.439 11.945
287.699 -28.055
287.958 -57.056
288.218 15.944
288.478 -7.056
288.738 -12.056
288.998 -22.056
289.258 28.944
289.518 29.944
289.778 30.944
290.038 24.944
290.298 51.944
290.558 46.944
290.818 -0.056
291.077 3.944
291.337 27.944
291.597 3.944
291.857 10.944
292.117 -0.056
292.377 0.944
292.637 -18.056
292.897 9.944
293.157 3.944
293.417 4.944
293.677 71.944
293.936 29.944
294.196 63.944
294.456 57.944
294.716 -7.056
294.976 58.944
295.236 13.944
295.496 33.944
295.756 11.943
296.016 24.943
296.276 20.943
296.536 19.943
296.796 58.943
297.055 7.943
297.315 30.943
297.575 -34.057
297.835 29.943
298.095 21.943
298.355 -23.057
298.615 36.943
298.875 59.943
299.135 -0.057
299.395 47.943
299.655 67.943
299.914 -3.057
300.174 -25.057
300.434 -15.057
300.694 63.943
300.954 23.943
301.214 4.943
301.474 22.943
301.734 -8.057
301.994 20.943
302.254 50.943
302.514 -5.057
302.773 -0.057
303.033 33.943
303.293 36.942
303.553 -7.058
303.813 -14.058
304.073 -6.058
304.333 25.942
304.593 47.942
304.853 29.942
305.113 35.942
305.373 -15.058
305.633 -29.058
305.892 8.942
306.152 -13.058
306.412 8.942
306.672 3.942
306.932 17.942
307.192 24.942
307.452 9.942
307.712 41.942
307.972 -33.058
308.232 19.942
308.492 23.942
308.751 -18.058
309.011 -12.058
309.271 37.942
309.531 64.942
309.791 -4.058
310.051 0.942
310.311 115.942
310.571 53.941
310.831 -27.059
311.091 6.941
311.351 -17.059
311.611 26.941
311.870 9.941
312.130 -20.059
312.390 9.941
312.650 9.941
312.910 28.941
313.170 -5.059
313.434 -10.059
313.698 -10.059
313.963 -5.059
314.227 16.941
314.491 39.941
314.755 -25.059
315.019 14.941
315.284 14.941
315.548 27.941
315.812 -10.059
316.076 13.941
316.340 -4.059
316.604 23.941
316.869 -53.059
317.133 33.941
317.397 20.941
317.661 -7.059
317.925 -15.060
318.190 -2.060
318.454 -6.060
318.718 4.940
318.982 -24.060
319.246 26.940
319.511 35.940
319.775 116.940
320.039 31.940
320.303 6.940
320.567 20.940
320.832 -1.060
321.096 64.940
321.360 17.940
321.624 25.940
321.888 4.940
322.153 51.940
322.417 33.940
322.681 50.940
322.945 19.940
323.209 24.940
323.473 26.940
323.738 7.940
324.002 13.940
324.266 11.940
324.530 -0.060
324.794 17.940
325.059 78.939
325.323 22.939
325.587 41.939
325.851 -11.061
326.115 14.939
326.380 33.939
326.644 28.939
326.908 -2.061
327.172 20.939
327.436 47.939
327.701 22.939
327.965 47.939
328.229 -12.061
328.493 21.939
328.757 -2.061
329.022 -0.061
329.286 -0.061
329.550 -22.061
329.814 15.939
330.078 41.939
330.342 -11.061
330.607 24.939
330.871 38.939
331.135 29.939
331.399 -23.061
331.663 4.939
331.928 -14.061
332.192 -2.062
332.456 30.938
332.720 -15.062
332.984 -7.062
333.249 51.938
333.513 -22.062
333.777 -39.062
334.041 -25.062
334.305 -19.062
334.570 -16.062
334.834 59.938
335.098 44.938
335.362 39.938
335.626 39.938
335.891 3.938
336.155 2.938
336.419 0.938
336.683 44.938
336.947 40.938
337.211 -18.062
337.476 24.938
337.740 23.938
338.004 3.938
338.268 30.938
338.532 -7.062
338.797 -33.063
339.061 -6.063
339.325 -7.063
339.589 18.937
339.853 -44.063
340.118 22.937
340.382 8.937
340.646 -12.063
340.910 14.937
341.174 4.937
341.439 -40.063
341.703 -12.063
341.967 0.937
342.231 28.937
342.495 25.937
342.759 12.937
343.024 15.937
343.288 -19.063
343.552 55.937
343.816 28.937
344.080 -11.063
344.345 -33.063
344.609 -38.063
344.873 -39.063
345.137 -14.063
345.401 -1.064
345.666 0.936
345.930 44.936
346.194 42.936
346.458 56.936
346.722 39.936
346.987 52.936
347.251 -26.064
347.515 -49.064
347.779 8.936
348.043 -12.064
348.308 0.936
348.572 22.936
348.836 -20.064
349.100 18.936
349.364 -11.064
349.628 -28.064
349.893 8.936
350.157 -13.064
350.421 3.936
350.685 13.936
350.949 48.936
351.214 -8.064
351.478 -16.064
351.742 -20.064
352.006 -35.065
352.270 -14.065
352.535 -34.065
352.799 -3.065
353.063 4.935
353.327 74.935
353.591 24.935
353.856 77.935
354.120 19.935
354.384 33.935
354.648 -11.065
354.912 -4.065
355.177 0.935
355.441 28.935
355.705 37.935
355.969 17.935
356.233 12.935
356.497 51.935
356.762 85.935
357.026 19.935
357.290 48.935
357.554 68.935
357.818 20.935
358.083 3.935
358.347 -39.066
358.611 -8.066
358.875 1.934
359.139 -0.066
359.404 25.934
359.668 8.934
359.932 16.934
360.196 18.934
360.460 -10.066
360.725 34.934
360.989 48.934
361.253 23.934
361.517 31.934
361.781 31.934
362.046 -7.066
362.310 26.934
362.574 47.934
362.838 6.934
363.102 17.934
363.366 -13.066
363.631 -67.066
363.895 -10.066
364.159 15.934
364.423 23.934
364.687 12.933
364.952 -9.067
365.216 43.933
365.480 -33.067
365.747 28.933
366.013 8.933
366.280 31.933
366.546 -5.067
366.813 25.933
367.079 26.933
367.346 28.933
367.612 26.933
367.879 4.933
368.145 29.933
368.412 28.933
368.678 -11.067
368.945 -10.067
369.211 37.933
369.478 65.933
369.744 31.933
370.011 -29.067
370.278 8.933
370.544 -39.068
370.811 -15.068
371.077 32.932
371.344 12.932
371.610 9.932
371.877 2.932
372.143 -11.068
372.410 24.932
372.676 -45.068
372.943 -14.068
373.209 -13.068
373.476 -32.068
373.742 -32.068
374.009 3.932
374.276 6.932
374.542 9.932
374.809 -14.068
375.075 35.932
375.342 19.932
375.608 60.932
375.875 23.932
376.141 37.932
376.408 25.932
376.674 38.931
376.941 51.931
377.207 -15.069
377.474 -17.069
377.740 53.931
378.007 9.931
378.273 24.931
378.540 -4.069
378.807 47.931
379.073 -10.069
379.340 34.931
379.606 0.931
379.873 22.931
380.139 21.931
380.406 35.931
380.672 12.931
380.939 7.931
381.205 44.931
381.472 37.931
381.738 22.931
382.005 36.931
382.271 -5.069
382.538 3.930
382.804 23.930
383.071 0.930
383.338 -16.070
383.604 24.930
383.871 6.930
384.137 38.930
384.404 45.930
384.670 69.930
384.937 15.930
385.203 27.930
385.470 68.930
385.736 74.930
386.003 34.930
386.269 29.930
386.536 27.930
386.802 48.930
387.069 -6.070
387.336 21.930
387.602 14.930
387.869 -5.070
388.135 21.929
388.402 4.929
388.668 4.929
388.935 28.929
389.201 45.929
389.468 43.929
389.734 64.929
390.001 26.929
390.267 59.929
390.534 -8.071
390.800 29.929
391.067 -1.071
391.333 38.929
391.600 20.929
391.867 22.929
392.133 27.929
392.400 67.929
392.666 19.929
392.933 46.929
393.199 35.929
393.466 27.929
393.732 45.928
393.999 20.928
394.265 4.928
394.532 77.928
394.798 23.928
395.065 63.928
395.331 19.928
395.598 18.928
395.864 -8.072
396.131 -5.072
396.398 9.928
396.664 -22.072
396.931 -12.072
397.197 9.928
397.464 16.928
397.730 0.928
397.997 -6.072
398.263 -20.072
398.530 -13.072
398.796 9.928
399.063 29.928
399.329 -0.073
399.596 21.927
399.862 -0.073
400.129 -20.073
400.396 10.927
400.662 58.927
400.929 3.927
401.195 49.927
401.462 35.927
401.728 47.927
401.995 41.927
402.261 47.927
402.528 38.927
402.794 2.927
403.061 65.927
403.327 19.927
403.594 23.927
403.860 7.927
404.127 74.927
404.393 54.927
404.660 10.926
404.934 88.926
405.207 36.926
405.481 -20.074
405.754 -12.074
406.028 12.926
406.301 27.926
406.575 14.926
406.848 46.926
407.122 20.926
407.395 42.926
407.669 -9.074
407.942 -49.074
408.216 48.926
408.489 5.926
408.763 29.926
409.036 14.926
409.310 -31.074
409.583 -8.074
409.857 37.926
410.130 18.925
410.404 -7.075
410.677 38.925
410.951 3.925
411.224 -47.075
411.498 -15.075
411.771 -5.075
412.045 -1.075
412.318 4.925
412.592 98.925
412.865 77.925
413.139 38.925
413.412 24.925
413.686 28.925
413.959 -6.075
414.233 -0.075
414.506 0.925
414.780 31.925
415.053 38.925
415.327 64.925
415.600 -7.076
415.874 22.924
416.147 4.924
416.421 43.924
416.694 25.924
416.968 8.924
417.241 60.924
417.515 34.924
417.788 50.924
418.062 25.924
418.335 53.924
418.609 31.924
418.882 -24.076
419.156 37.924
419.429 24.924
419.703 55.924
419.976 25.924
420.250 28.924
420.524 19.924
420.797 19.923
421.071 31.923
421.344 13.923
421.618 54.923
421.891 33.923
422.165 21.923
422.438 -5.077
422.712 -10.077
422.985 23.923
423.259 40.923
423.532 73.923
423.806 74.923
424.079 -36.077
424.353 10.923
424.626 18.923
424.900 -21.077
425.173 -18.077
425.447 -0.077
425.720 -22.078
425.994 5.922
426.267 50.922
426.541 -6.078
426.814 -19.078
427.088 6.922
427.361 17.922
427.635 42.922
427.908 27.922
428.182 -0.078
428.455 10.922
428.729 8.922
429.002 51.922
429.276 48.922
429.549 -4.078
429.823 10.922
430.096 4.922
430.370 -17.078
430.643 17.922
430.917 -3.079
431.190 31.921
431.464 47.921
431.737 74.921
432.011 29.921
432.284 37.921
432.558 -3.079
432.831 22.921
433.105 4.921
433.378 35.921
433.652 3.921
433.925 7.921
434.199 57.921
434.472 70.921
434.746 15.921
435.019 1.921
435.293 51.921
435.566 28.920
435.840 1.920
436.118 20.920
436.395 77.920
436.673 57.920
436.951 35.920
437.228 5.920
437.506 8.920
437.784 2.920
438.061 51.920
438.339 33.920
438.617 25.920
438.894 30.920
439.172 50.920
439.450 16.920
439.727 56.920
440.005 46.920
440.283 23.920
440.560 3.919
440.838 27.919
441.115 41.919
441.393 19.919
441.671 84.919
441.948 66.919
442.226 -4.081
442.504 17.919
442.781 44.919
443.059 71.919
443.337 -2.081
443.614 -22.081
443.892 -0.081
444.170 21.919
444.447 -4.081
444.725 46.919
445.003 31.919
445.280 35.918
445.558 44.918
445.836 54.918
446.113 27.918
446.391 -17.082
446.669 -7.082
446.946 -15.082
447.224 35.918
447.502 68.712
447.779 28.803
448.057 8.874
448.335 52.602
448.612 26.731
448.890 32.656
449.168 25.686
449.445 39.562
449.723 7.839
450.001 20.710
450.278 26.651
450.556 63.285
450.834 30.611
451.111 33.581
451.389 48.433
451.666 50.413
451.944 12.802
452.222 36.588
452.499 86.142
452.777 67.378
453.055 67.445
453.332 24.768
453.610 9.867
453.888 57.686
454.165 58.740
454.443 74.767
454.721 15.901
454.998 74.916
455.276 91.099
455.554 44.093
455.831 35.092
456.109 -2.096
456.387 81.569
456.664 38.260
456.942 44.404
457.220 0.927
457.497 21.213
457.775 42.554
458.053 51.796
458.330 85.454
458.608 67.192
458.886 107.166
459.163 24.453
459.441 31.643
459.719 30.651
459.996 28.660
460.274 24.579
460.552 50.324
460.829 74.063
461.107 38.057
461.384 41.192
461.662 124.912
461.940 70.233
462.217 102.396
462.495 39.290
462.773 24.782
463.050 66.301
463.328 72.601
463.606 46.640
463.883 132.967
464.161 176.626
464.439 109.059
464.716 81.076
464.994 91.482
465.272 51.940
465.549 46.737
465.827 31.128
466.105 26.966
466.382 80.035
466.660 54.021
466.938 108.131
467.215 71.636
467.493 46.688
467.771 80.991
468.048 96.483
468.326 58.001
468.604 40.367
468.881 62.086
469.159 96.183
469.437 113.664
469.714 76.435
469.992 51.510
470.270 104.034
470.547 60.672
470.825 79.128
471.102 124.268
471.380 81.019
471.658 114.782
471.935 139.255
472.213 116.594
472.491 137.806
472.768 175.421
473.046 104.906
473.324 112.945
473.601 157.591
473.879 138.122
474.157 111.586
474.434 142.913
474.712 161.005
474.990 179.061
475.267 154.769
475.545 139.446
475.823 126.173
476.100 143.200
476.378 176.500
476.656 220.677
476.933 238.822
477.211 208.580
477.489 205.349
477.766 157.010
478.044 218.220
478.322 191.057
478.599 202.124
478.877 219.226
479.155 283.613
479.432 220.232
479.710 234.317
479.988 229.286
480.265 250.413
480.543 229.517
480.820 262.750
481.098 191.249
481.376 257.974
481.653 225.716
481.931 259.990
482.209 278.416
482.486 346.024
482.764 360.515
483.042 376.046
483.319 278.979
483.597 303.552
483.875 342.014
484.152 329.189
484.430 388.966
484.708 330.202
484.985 362.991
485.263 419.197
485.541 421.228
485.818 429.350
486.096 415.558
486.374 417.591
486.651 414.542
486.929 400.721
487.207 402.756
487.484 428.188
487.762 468.880
488.040 503.468
488.317 508.054
488.595 553.878
488.873 529.438
489.150 548.787
489.428 531.475
489.706 522.310
489.983 568.135
490.261 613.959
490.539 632.289
490.816 648.583
491.094 616.387
491.371 601.127
491.649 616.386
491.927 661.492
492.204 627.955
492.482 728.840
492.760 668.942
493.037 697.675
493.315 709.126
493.593 730.403
493.870 725.615
494.148 814.871
494.426 774.426
494.703 851.421
494.981 831.389
495.259 844.664
495.536 877.046
495.814 837.934
496.092 863.223
496.369 960.750
496.647 954.771
496.925 927.762
497.202 974.881
497.480 1021.906
497.758 1022.861
498.035 1038.790
498.313 1018.831
498.591 1139.210
498.868 1165.746
499.146 1124.907
499.424 1045.496
499.701 1103.867
499.979 1228.168
500.257 1238.801
500.534 1263.946
500.812 1270.576
501.089 1316.524
501.367 1313.940
501.645 1282.260
501.922 1373.684
502.200 1372.954
502.478 1463.845
502.755 1423.471
503.033 1392.141
503.311 1489.249
503.588 1531.823
503.866 1535.622
504.144 1661.758
504.421 1656.008
504.699 1700.771
504.977 1681.553
505.254 1749.909
505.532 1739.205
505.810 1750.383
506.087 1768.849
506.365 1802.553
506.643 1891.623
506.920 1915.403
507.198 1948.412
507.476 1953.225
507.753 2103.358
508.031 2099.353
508.309 2196.389
508.586 2166.269
508.864 2136.316
509.142 2218.661
509.419 2251.974
509.697 2350.323
509.975 2320.167
510.252 2308.655
510.530 2452.228
510.808 2493.112
511.085 2487.695
511.363 2579.858
511.640 2600.453
511.918 2671.379
512.196 2659.085
512.473 2795.959
512.751 2783.575
513.029 2874.352
513.306 2976.594
513.584 2982.887
513.862 3042.027
514.139 3099.464
514.417 3252.827
514.695 3155.069
514.972 3170.468
515.250 3238.007
515.528 3417.553
515.805 3336.848
516.083 3337.456
516.361 3454.292
516.638 3449.684
516.916 3543.881
517.194 3542.560
517.471 3609.910
517.749 3794.992
518.027 3809.216
518.304 3836.290
518.582 3842.400
518.860 3929.267
519.137 3913.591
519.415 3997.148
519.693 4016.498
519.970 4109.788
520.248 4229.113
520.526 4277.685
520.803 4227.896
521.081 4205.107
521.358 4348.420
521.636 4391.535
521.914 4387.605
522.191 4315.205
522.469 4463.958
522.747 4507.383
523.024 4609.822
523.302 4589.793
523.580 4653.139
523.857 4696.250
524.135 4593.714
524.413 4614.929
524.690 4637.464
524.968 4704.130
525.246 4788.439
525.523 4776.221
525.801 4731.108
526.079 4746.847
526.356 4878.550
526.634 4779.773
526.912 4773.187
527.189 4776.950
527.467 4680.995
527.745 4689.462
528.022 4753.432
528.300 4693.225
528.578 4783.535
528.855 4764.720
529.133 4690.402
529.411 4735.557
529.688 4691.343
529.966 4703.572
530.244 4665.628
530.521 4578.999
530.799 4597.832
531.077 4530.534
531.354 4364.653
531.632 4413.110
531.909 4429.553
532.187 4288.182
532.465 4393.469
532.742 4256.531
533.020 4199.902
533.298 4226.872
533.575 4079.825
533.853 4046.568
534.131 4100.092
534.408 4055.350
534.686 3984.575
534.964 4021.013
535.241 3795.092
535.519 3723.406
535.797 3740.962
536.074 3677.537
536.352 3774.874
536.630 3627.692
536.907 3456.568
537.185 3543.312
537.463 3610.846
537.740 3369.143
538.018 3285.471
538.296 3294.882
538.573 3156.392
538.851 3094.571
539.129 3162.778
539.406 3083.888
539.684 3069.134
539.962 3045.440
540.239 2943.404
540.517 2945.332
540.795 2939.319
541.072 2859.875
541.350 2814.195
541.627 2770.500
541.905 2654.964
542.183 2737.469
542.460 2556.554
542.738 2589.765
543.016 2568.911
543.293 2423.926
543.571 2461.662
543.849 2383.823
544.126 2421.521
544.404 2337.195
544.682 2325.291
544.959 2254.854
545.237 2263.782
545.515 2268.743
545.792 2143.600
546.070 2142.609
546.353 2094.046
546.637 2028.635
546.920 2077.274
547.204 2002.869
547.487 1927.472
547.770 1917.551
548.054 1905.553
548.337 1859.873
548.621 1830.081
548.904 1823.948
549.187 1809.037
549.471 1745.166
549.754 1697.404
550.038 1629.374
550.321 1703.780
550.604 1570.750
550.888 1669.552
551.171 1579.312
551.455 1518.891
551.738 1591.482
552.021 1496.387
552.305 1438.768
552.588 1392.067
552.871 1438.645
553.155 1468.231
553.438 1375.141
553.722 1271.793
554.005 1330.534
554.288 1283.441
554.572 1297.868
554.855 1255.702
555.139 1223.572
555.422 1204.549
555.705 1259.523
555.989 1201.918
556.272 1108.627
556.556 1067.029
556.839 1104.775
557.122 1012.107
557.406 1093.669
557.689 942.744
557.973 1031.551
558.256 964.099
558.539 964.099
558.823 951.779
559.106 909.722
559.390 923.041
559.673 898.347
559.956 836.808
560.240 789.413
560.523 719.597
560.807 782.002
561.090 850.861
561.373 798.446
561.657 810.778
561.940 786.112
562.223 801.529
562.507 667.921
562.790 652.505
563.074 706.975
563.357 685.392
563.640 652.504
563.924 650.808
564.207 673.395
564.491 666.208
564.774 725.012
565.057 569.114
565.341 645.375
565.624 571.605
565.908 572.629
566.191 636.526
566.474 576.137
566.758 616.448
567.041 521.355
567.325 516.737
567.608 517.758
567.891 476.414
568.175 442.740
568.458 485.102
568.742 460.637
569.025 477.480
569.308 454.058
569.592 497.340
569.875 531.927
570.159 484.639
570.442 482.116
570.725 401.913
571.009 413.676
571.292 396.434
571.576 366.651
571.859 349.073
572.142 332.878
572.426 332.542
572.709 342.307
572.992 368.569
573.276 319.761
573.559 328.511
573.843 329.519
574.126 285.884
574.409 277.548
574.693 309.741
574.976 267.219
575.260 341.248
575.543 343.256
575.826 281.728
576.110 296.475
576.393 284.167
576.677 284.166
576.960 282.882
577.249 243.882
577.538 236.645
577.827 281.319
578.115 292.006
578.404 252.125
578.693 237.930
578.982 195.902
579.271 261.573
579.560 249.385
579.848 210.617
580.137 226.522
580.426 186.575
580.715 247.151
581.004 262.046
581.293 207.223
581.581 195.318
581.870 178.453
582.159 193.334
582.448 217.143
582.737 169.524
583.026 204.246
583.314 211.190
583.603 209.206
583.892 146.706
584.181 190.357
584.470 146.852
584.759 150.824
585.048 194.711
585.336 178.806
585.625 122.268
585.914 131.354
586.203 145.298
586.492 163.389
586.781 178.344
587.069 179.520
587.358 136.742
587.647 127.751
587.936 82.878
588.225 140.878
588.514 141.019
588.802 122.122
589.091 157.192
589.380 131.272
589.669 125.505
589.958 165.873
590.247 96.553
590.536 95.642
590.824 125.002
591.113 123.108
591.402 178.013
591.691 195.417
591.980 117.522
592.269 98.352
592.557 100.484
592.846 109.742
593.135 151.605
593.424 95.597
593.713 90.597
594.002 94.675
594.290 50.842
594.579 103.955
594.868 78.445
595.157 97.832
595.446 50.893
595.735 71.301
596.023 78.364
596.312 77.345
596.601 79.302
596.890 117.879
597.179 82.190
597.468 96.319
597.757 82.953
598.045 57.565
598.334 69.570
598.623 106.836
598.912 109.642
599.201 107.411
599.490 97.165
599.778 89.052
600.067 47.874
600.356 89.694
600.645 60.631
600.934 117.170
601.223 45.554
601.511 100.964
601.800 84.033
602.089 40.428
602.378 65.027
602.667 94.549
602.956 42.239
603.244 94.363
603.533 115.902
603.822 109.894
604.111 41.132
604.400 3.800
604.689 78.383
604.978 34.188
605.266 88.109
605.555 117.521
605.844 66.475
606.133 43.948
606.422 80.187
606.711 76.269
606.999 75.290
607.288 65.495
607.577 41.010
607.866 -1.106
608.155 71.372
608.444 75.289
608.732 115.446
609.021 95.857
609.310 89.001
609.599 120.343
609.888 80.186
610.177 20.440
610.466 50.803
610.754 39.049
611.043 116.424
611.332 102.712
611.621 68.432
611.910 77.247
612.199 53.740
612.487 41.987
612.776 90.958
613.065 31.213
613.354 32.192
613.643 46.884
613.932 113.485
614.220 101.732
614.509 83.041
614.798 59.558
615.087 85.976
615.376 88.911
615.665 96.739
615.953 102.610
616.242 39.009
616.531 81.083
616.820 79.126
617.109 105.545
617.398 61.574
617.687 67.384
617.975 50.750
618.264 113.372
618.553 78.147
618.842 37.051
619.131 33.137
619.420 98.695
619.708 52.706
619.997 21.395
620.286 74.232
620.575 62.491
620.864 47.767
621.153 8.666
621.441 77.092
621.730 27.238
622.019 47.719
622.308 25.258
622.597 39.907
622.886 60.355
623.174 8.648
623.463 77.916
623.752 16.437
624.041 46.651
624.330 31.056
624.619 33.005
624.908 43.684
625.196 44.658
625.485 72.895
625.774 33.947
626.063 39.750
626.352 11.540
626.641 12.512
626.929 -0.133
627.218 10.546
627.507 -7.901
627.796 55.153
628.085 77.386
628.374 49.190
628.662 29.818
628.951 71.226
629.240 26.790
629.529 10.424
629.818 -1.090
630.107 24.677
630.396 73.062
630.684 65.271
630.973 1.757
631.262 29.032
631.551 48.604
631.840 0.803
632.129 12.881
632.417 -5.680
632.706 16.461
632.995 14.550
633.284 2.612
633.573 30.782
633.862 62.373
634.150 69.305
634.439 32.219
634.728 29.417
635.017 27.528
635.306 23.875
635.595 44.201
635.883 35.242
636.172 34.267
636.461 48.291
636.750 -1.882
637.039 7.777
637.328 34.086
637.617 39.349
637.905 13.033
638.194 17.419
638.483 25.336
638.772 38.539
639.061 32.445
639.350 34.265
639.638 95.280
639.927 54.741
640.216 44.238
640.505 6.990
640.794 32.878
641.083 44.594
641.371 15.118
641.660 29.547
641.949 15.199
642.238 36.940
642.527 15.295
642.816 26.256
643.104 50.963
643.393 41.039
643.682 -14.812
643.971 42.224
644.260 27.567
644.549 15.592
644.838 29.550
645.126 25.911
645.415 -48.643
645.704 -18.846
645.993 -2.949
646.282 -23.634
646.571 -20.853
646.859 21.580
647.148 -24.737
647.437 -16.268
647.726 -23.904
648.015 6.527
648.304 52.390
648.592 33.352
648.881 15.199
649.170 28.677
649.459 17.182
649.748 -57.093
650.037 19.199
650.326 25.050
650.614 -3.057
650.903 14.447
651.192 46.639
651.481 1.808
651.770 43.843
652.059 -6.023
652.347 -18.792
652.636 -12.917
652.925 38.239
653.214 53.055
653.503 12.685
653.792 15.662
654.080 9.743
654.369 21.633
654.658 2.824
654.947 1.835
655.236 75.322
655.525 18.737
655.813 12.785
656.102 -26.047
656.391 48.703
656.680 -4.143
656.969 -0.151
657.258 10.838
657.547 -36.152
657.835 33.882
658.124 10.859
658.413 -2.157
658.702 -2.157
658.991 -0.153
659.280 -15.198
659.568 36.995
659.857 44.023
660.146 19.927
660.435 -10.204
660.724 -33.320
661.013 11.906
661.301 -24.275
661.590 42.099
661.879 30.026
662.168 26.002
662.457 36.062
662.746 15.941
663.034 -3.174
663.323 -15.246
663.612 14.935
663.901 -28.325
664.190 39.079
664.479 32.037
664.768 44.109
665.056 10.910
665.345 32.036
665.634 20.970
665.923 12.908
666.212 -14.227
666.501 -8.197
666.789 10.887
667.078 18.919
667.367 -8.190
667.656 -15.203
667.945 34.948
668.234 -11.191
668.522 33.910
668.811 -3.164
669.100 20.884
669.389 -3.161
669.678 -26.184
669.967 72.842
670.256 42.842
670.544 34.807
670.833 27.813
671.122 52.736
671.411 42.755
671.700 12.802
671.989 -6.135
672.277 2.829
672.566 18.747
672.855 40.597
673.144 82.346
673.433 55.452
673.722 -33.923
674.010 -2.143
674.299 26.626
674.588 10.743
674.877 11.733
675.166 12.712
675.455 5.775
675.743 24.568
676.032 -12.017
676.321 48.259
676.610 -27.801
676.899 23.532
677.188 -16.925
677.477 -4.105
677.765 -6.077
678.054 -18.880
678.343 20.529
678.632 27.399
678.921 53.973
679.210 8.689
679.498 -9.994
679.787 -10.977
680.076 34.220
680.365 16.538
680.654 -9.002
680.943 13.578
681.231 32.223
681.520 37.093
681.809 3.760
682.098 21.407
682.387 17.485
682.676 39.995
682.964 4.735
683.253 11.591
683.542 -11.916
683.831 2.776
684.120 30.170
684.409 8.643
684.698 25.277
684.986 7.672
685.275 48.808
685.564 11.590
685.853 39.014
686.142 -7.020
686.431 -37.383
686.719 36.075
687.008 29.219
687.297 25.301
687.586 2.774
687.875 56.642
688.164 23.341
688.452 23.341
688.741 -4.083
689.030 33.135
689.319 7.662
689.608 52.672
689.897 20.382
690.186 37.994
690.474 -30.499
690.763 -2.123
691.052 -12.887
691.341 -3.105
691.630 -7.023
691.919 6.689
692.207 -6.044
692.496 8.647
692.785 28.263
693.074 24.342
693.363 34.145
693.652 62.638
693.940 -19.796
694.229 -59.050
694.518 -14.904
694.807 -51.250
695.096 28.345
695.385 50.961
695.673 36.247
695.962 -14.934
696.251 28.373
696.540 8.696
696.835 -5.102
697.130 10.677
697.425 -21.868
697.720 -14.980
698.015 5.751
698.310 20.578
698.605 23.543
698.900 23.542
699.195 -3.141
699.490 -14.021
699.785 4.777
700.080 -81.362
700.375 -20.987
700.670 39.469
700.965 20.658
701.260 37.523
701.555 29.616
701.850 41.532
702.145 -6.134
702.440 -19.063
702.735 -39.938
703.030 19.724
703.324 24.699
703.619 26.715
703.914 29.703
704.209 45.639
704.504 44.643
704.799 42.693
705.094 17.768
705.389 13.780
705.684 32.723
705.979 -3.170
706.274 -17.145
706.569 22.775
706.864 28.791
707.159 48.771
707.454 24.795
707.749 30.819
708.044 42.819
708.339 52.819
708.634 63.819
708.929 12.831
709.224 33.886
709.519 5.830
709.814 -42.309
710.109 37.932
710.404 -21.267
710.699 -30.304
710.994 -25.309
711.289 -7.219
711.584 0.822
711.879 -15.275
712.174 -19.299
712.469 17.942
712.764 -25.361
713.059 31.033
713.354 11.911
713.649 -11.275
713.944 -0.186
714.239 -0.186
714.534 60.297
714.829 -4.219
715.124 -5.227
715.419 20.982
715.714 55.256
716.009 21.990
716.304 44.212
716.598 -18.352
716.893 22.034
717.188 33.145
717.483 1.833
717.778 29.163
718.073 31.218
718.368 7.915
718.663 36.321
718.958 13.007
719.253 4.890
719.548 29.310
719.843 5.918
720.138 -13.444
720.433 13.059
720.728 28.378
721.023 10.021
721.318 40.664
721.613 11.053
721.908 33.548
722.203 10.041
722.498 16.182
722.793 3.903
723.088 -4.294
723.383 -0.196
723.678 43.906
723.973 75.701
724.268 61.342
724.563 53.137
724.858 21.341
725.153 33.649
725.448 8.008
725.743 41.811
726.038 7.999
726.333 -37.083
726.628 39.720
726.923 -6.339
727.218 -4.288
727.513 7.982
727.808 16.145
728.103 1.842
728.398 14.073
728.693 -19.567
728.988 4.893
729.283 -2.233
729.578 -26.621
729.873 0.817
730.167 16.045
730.462 18.057
730.757 -13.370
731.052 15.995
731.347 -15.381
731.642 25.079
731.937 4.851
732.232 -12.321
732.527 37.137
732.822 16.938
733.117 32.026
733.412 5.843
733.707 -3.218
734.002 13.871
734.297 -40.360
734.592 -26.278
734.887 -0.200
735.182 21.844
735.477 16.817
735.772 7.800
736.067 -9.191
736.362 -6.188
736.657 3.792
736.952 8.773
737.247 23.704
737.542 -7.173
737.837 7.760
738.132 30.645
738.427 -2.189
738.722 -1.195
739.017 -19.069
739.312 -10.132
739.607 -15.082
739.902 27.576
740.197 4.754
740.492 0.789
740.787 28.511
741.082 -17.034
741.377 0.787
741.672 34.383
741.967 56.122
742.262 65.938
742.557 3.743
742.852 24.452
743.147 43.147
743.442 4.723
743.736 9.649
744.031 47.041
744.326 15.545
744.621 5.702
744.916 -13.969
745.211 26.345
745.506 12.579
745.801 11.595
746.096 -12.974
746.391 17.477
746.686 16.495
746.981 -6.093
747.276 8.627
747.571 25.310
747.866 16.462
748.161 -54.127
748.456 32.147
748.751 11.548
749.046 -19.795
749.341 9.588
749.636 16.428
749.931 26.212
750.226 6.643
750.521 8.599
750.816 -3.142
751.111 43.824
751.406 9.577
751.701 6.642
751.996 -2.165
752.291 -1.187
752.586 -18.799
752.881 12.511
753.176 -41.305
753.471 -6.080
753.766 -26.628
754.061 38.967
754.356 48.762
754.651 24.275
754.946 12.522
755.241 27.213
755.536 17.419
755.831 12.521
756.126 11.530
756.421 18.379
756.716 -8.040
757.010 -9.997
757.305 2.723
757.600 -6.083
757.895 -24.675
758.190 9.562
758.485 -2.170
758.780 24.248
759.075 30.119
759.370 -24.676
759.665 22.291
759.960 13.497
760.255 24.271
760.550 -1.195
760.845 -42.373
761.140 -31.588
761.435 33.150
761.730 30.235
762.025 4.695
762.320 41.080
762.615 30.264
762.910 13.548
763.205 -13.014
763.500 -3.171
763.802 -19.924
764.104 18.500
764.406 -25.835
764.708 0.766
765.010 8.655
765.312 -2.193
765.615 -5.157
765.917 9.650
766.219 48.197
766.521 35.351
766.823 58.078
767.125 48.244
767.427 35.385
767.729 -52.699
768.031 20.568
768.333 23.538
768.635 -18.064
768.937 30.499
769.239 -13.109
769.542 -31.972
769.844 52.353
770.146 21.599
770.448 70.280
770.750 16.655
771.052 75.319
771.354 34.564
771.656 -13.163
771.958 8.727
772.260 43.596
772.562 37.657
772.864 6.756
773.166 28.712
773.468 29.739
773.771 20.769
774.073 -16.248
774.375 -22.276
774.677 -25.283
774.979 -18.287
775.281 -47.422
775.583 25.897
775.885 58.057
776.187 18.880
776.489 15.877
776.791 22.950
777.093 -1.245
777.395 15.925
777.698 24.030
778.000 20.005
778.302 40.288
778.604 -15.452
778.906 5.852
779.208 32.280
779.510 18.071
779.812 -1.259
780.114 -10.435
780.416 45.723
780.718 -19.670
781.020 23.298
781.322 -56.596
781.625 17.191
781.927 22.319
782.229 -5.379
782.531 -36.217
782.833 10.042
783.135 -5.396
783.437 -45.608
783.739 -4.376
784.041 45.206
784.343 44.218
784.645 11.137
784.947 32.910
785.249 24.645
785.552 49.593
785.854 -11.687
786.156 35.127
786.458 -5.461
786.760 15.388
787.062 7.053
787.364 39.453
787.666 31.125
787.968 22.781
788.270 2.888
788.572 38.568
788.874 -7.619
789.176 14.478
789.478 -10.797
789.781 -1.313
790.083 46.153
790.385 71.545
790.687 9.252
790.989 8.204
791.291 -9.796
791.593 3.979
791.895 3.978
792.197 -32.111
792.499 -44.850
792.801 0.798
793.103 34.804
793.405 43.351
793.708 26.330
794.010 -4.527
794.312 63.699
794.614 53.094
794.916 29.614
795.218 -20.568
795.520 32.886
795.822 9.366
796.124 5.088
796.426 20.115
796.728 53.434
797.030 -31.455
797.332 -28.230
797.635 53.548
797.937 4.036
798.239 -12.141
798.541 0.804
798.843 9.443
799.145 -4.601
799.447 33.273
799.749 -10.018
800.051 4.051
800.353 -42.532
800.655 -25.198
800.957 18.159
801.259 -3.534
801.562 33.342
801.864 -18.719
802.166 43.150
802.468 48.578
802.770 -12.225
803.072 12.747
803.374 19.261
803.676 -0.283
803.978 -25.284
804.280 -6.806
804.582 -2.461
804.884 11.685
805.186 50.913
805.488 -14.447
805.791 26.976
806.093 23.730
806.395 -0.288
806.697 -4.665
806.999 -39.676
807.301 51.189
807.603 -21.101
807.905 -2.484
808.207 76.547
808.509 22.760
808.811 -3.585
809.113 43.663
809.415 32.674
809.718 -21.173
810.020 10.707
810.322 -12.396
810.624 -3.599
810.926 40.453
811.228 36.087
811.530 -3.604
811.834 73.654
812.137 -3.613
812.441 -27.923
812.744 48.373
813.048 67.253
813.351 48.480
813.655 9.688
813.958 25.225
814.262 -13.636
814.565 9.708
814.869 -21.462
815.172 14.172
815.476 44.288
815.779 29.828
816.083 15.319
816.386 80.140
816.690 32.131
816.993 62.402
817.297 -9.278
817.600 42.339
817.904 -2.558
818.208 27.810
818.511 -8.186
818.815 14.327
819.118 10.961
819.422 33.546
819.725 29.031
820.029 5.329
820.332 38.060
820.636 4.199
820.939 58.309
821.243 7.576
821.546 7.567
821.850 -12.675
822.153 10.908
822.457 37.801
822.760 57.850
823.064 52.140
823.367 0.799
823.671 0.796
823.974 -16.925
824.278 40.526
824.582 4.088
824.885 -0.312
825.189 21.546
825.492 20.386
825.796 22.491
826.099 9.431
826.403 4.002
826.706 58.768
827.010 -29.184
827.313 3.954
827.617 -3.490
827.920 -41.531
828.224 -71.883
828.527 16.468
828.831 37.276
829.134 57.911
829.438 59.741
829.741 23.412
830.045 -34.180
830.348 -4.388
830.652 -0.297
830.956 23.007
831.259 4.750
831.563 9.756
831.866 6.713
832.170 16.640
832.473 -1.284
832.777 28.337
833.080 17.409
833.384 12.431
833.687 0.686
833.991 -7.070
834.294 15.143
834.598 6.433
834.901 -31.802
835.205 -5.031
835.508 -13.514
835.812 9.127
836.115 31.556
836.419 -14.258
836.722 29.407
837.026 10.813
837.330 45.764
837.633 19.908
837.937 28.087
838.240 -6.668
838.544 53.508
838.847 4.278
839.151 -7.555
839.454 46.130
839.758 -1.186
840.061 33.421
840.365 7.927
840.668 3.375
840.972 0.636
841.275 2.470
841.579 9.829
841.882 29.211
842.186 -3.980
842.489 -8.626
842.793 28.525
843.097 20.216
843.400 39.899
843.704 29.729
844.007 17.567
844.311 1.593
844.614 30.898
844.918 20.539
845.221 -10.731
845.525 35.826
845.828 20.656
846.132 18.786
846.435 4.477
846.739 32.206
847.042 58.974
847.346 22.666
847.649 4.484
847.953 21.709
848.256 12.139
848.560 5.440
848.863 23.621
849.167 20.730
849.471 7.345
849.774 -17.512
850.078 47.452
850.381 42.635
850.685 -0.304
850.988 -43.161
851.292 3.499
851.595 -18.347
851.899 -24.948
852.202 -6.926
852.506 28.052
852.809 34.570
853.113 -22.880
853.416 -7.814
853.720 -8.729
854.023 28.643
854.327 7.147
854.630 23.840
854.934 6.181
855.237 28.350
855.541 2.465
855.845 29.112
856.148 0.617
856.452 46.319
856.755 -0.298
857.059 -12.116
857.362 -58.374
857.666 -66.361
857.969 -32.818
858.273 -21.037
858.576 20.405
858.880 1.500
859.183 12.259
859.487 2.389
859.790 8.640
860.094 -2.973
860.397 24.659
860.701 5.042
861.004 18.370
861.308 -4.733
861.611 26.299
861.915 14.761
862.219 42.181
862.522 4.120
862.826 37.655
863.129 36.740
863.433 27.897
863.736 26.111
864.040 11.146
864.343 18.188
864.647 14.666
864.950 13.785
865.254 -17.025
865.557 -18.802
865.861 26.131
866.164 40.263
866.468 12.926
866.771 51.818
867.075 50.095
867.378 5.891
867.682 -18.035
867.985 -10.066
868.289 37.027
868.593 3.251
868.896 -2.091
869.200 4.151
869.503 -27.120
869.807 11.337
870.110 6.869
870.414 0.587
870.717 4.194
871.021 30.398
871.324 -32.926
871.628 -0.318
871.931 7.870
872.235 -2.145
872.538 -25.025
872.842 -1.241
873.145 -4.929
873.449 -28.950
873.752 -17.920
874.056 -27.281
874.359 -3.127
874.663 14.621
874.967 -5.957
875.270 -0.335
875.574 19.456
875.877 15.730
876.181 -5.079
876.484 -56.424
876.788 -0.342
877.091 31.205
877.395 -18.562
877.698 -7.071
878.002 -5.165
878.305 -7.106
878.609 -10.999
878.912 40.386
879.216 14.224
879.519 -12.050
879.823 -8.168
880.126 -22.839
880.430 5.519
880.733 -4.284
881.037 -36.706
881.341 28.155
881.644 22.298
881.948 6.541
882.251 36.162
882.555 -8.278
882.858 -4.326
883.162 -0.367
883.465 -5.333
883.769 11.560
884.072 28.486
884.376 27.545
884.679 12.627
884.983 15.627
885.286 -0.374
885.590 10.626
885.893 26.625
886.197 2.625
886.500 -20.376
886.804 -16.376
887.107 -1.377
887.411 19.622
887.715 3.622
888.018 -22.379
888.322 11.621
888.625 41.620
888.929 1.620
889.232 18.619
889.536 72.619
889.839 30.618
890.143 11.617
890.446 31.617
890.750 -0.384
891.053 19.616
891.357 18.615
891.660 -6.385
891.964 -32.386
892.267 -6.386
892.571 -28.387
892.874 -5.388
893.178 6.612
893.482 16.611
893.785 48.611
894.089 53.610
894.392 73.609
894.696 38.609
894.999 33.608
895.303 -38.392
895.606 21.607
895.910 41.607
896.213 -16.394
896.517 -1.395
896.820 63.605
897.124 51.604
897.427 17.604
897.731 5.603
898.034 -22.398
898.338 -19.398
898.641 -2.399
898.945 42.601
899.248 43.600
899.552 -0.401
899.856 57.599
900.159 33.598
900.463 5.598
900.766 6.597
901.070 12.596
901.373 -41.404
901.677 11.595
901.980 34.595
902.284 12.594
902.587 35.593
902.891 52.593
903.194 16.592
903.498 35.592
903.801 4.591
904.105 -15.410
904.408 18.590
904.712 28.589
905.015 13.588
905.319 10.588
905.622 53.587
905.926 -16.413
906.230 3.586
906.533 -33.415
906.837 -7.415
907.140 10.584
907.444 21.583
907.747 -20.417
908.051 -14.418
908.354 28.582
908.658 2.581
908.961 -10.420
909.265 24.580
909.568 -9.421
909.872 -13.422
910.175 19.578
910.479 27.577
910.782 14.576
911.086 -3.424
911.389 15.575
911.693 35.574
911.996 52.574
912.300 43.573
912.609 37.572
912.918 -28.428
913.227 14.571
913.537 -20.429
913.846 33.570
914.155 -6.431
914.464 -19.431
914.773 -6.432
915.082 73.567
915.391 10.567
915.700 -1.434
916.010 19.565
916.319 26.564
916.628 -4.436
916.937 -11.437
917.246 20.562
917.555 20.562
917.864 35.561
918.174 67.560
918.483 19.560
918.792 28.559
919.101 -28.442
919.410 -4.442
919.719 9.557
920.028 22.556
920.337 58.556
920.647 27.555
920.956 48.554
921.265 51.553
921.574 42.553
921.883 11.552
922.192 -14.449
922.501 0.551
922.811 -33.450
923.120 -7.451
923.429 26.549
923.738 6.548
924.047 -36.453
924.356 17.546
924.665 10.546
924.974 85.545
925.284 37.544
925.593 0.544
925.902 18.543
926.211 -41.458
926.520 -14.459
926.829 64.541
927.138 32.540
927.448 62.539
927.757 -59.462
928.066 18.538
928.375 -30.463
928.684 -23.464
928.993 15.536
929.302 53.535
929.611 25.534
929.921 28.533
930.230 22.533
930.539 -2.468
930.848 -4.469
931.157 -18.470
931.466 37.530
931.775 19.529
932.085 19.528
932.394 -9.473
932.703 3.527
933.012 4.526
933.321 -3.475
933.630 -0.476
933.939 -6.477
934.248 57.523
934.558 22.522
934.867 -25.479
935.176 22.520
935.485 22.520
935.794 15.519
936.103 -1.482
936.412 19.517
936.721 9.517
937.031 20.516
937.340 -21.485
937.649 -7.486
937.958 -3.487
938.267 3.513
938.576 35.512
938.885 48.511
939.195 67.510
939.504 48.509
939.813 -8.491
940.122 -35.492
940.431 1.507
940.740 -3.494
941.049 19.505
941.359 44.505
941.668 -14.496
941.977 -9.497
942.286 -4.498
942.595 15.501
942.904 43.500
943.213 -23.500
943.522 -38.501
943.832 -9.502
944.141 41.497
944.450 -1.504
944.759 76.496
945.068 18.495
945.377 25.494
945.686 38.493
945.995 13.492
946.305 1.491
946.614 -36.509
946.923 27.490
947.232 -8.511
947.541 -28.512
947.850 35.487
948.159 67.486
948.469 24.485
948.778 -23.515
949.087 3.484
949.396 28.483
949.705 -21.518
950.014 -0.519
950.323 25.480
950.632 25.479
950.942 0.479
951.251 -3.522
951.560 -12.523
951.869 29.476
952.178 73.475
952.487 6.474
952.796 -59.527
953.106 45.472
953.415 -19.528
953.724 18.471
954.033 10.470
954.342 38.469
954.651 38.468
954.960 4.467
955.269 35.466
955.579 -0.535
955.888 14.464
956.197 30.463
956.506 -19.537
956.815 -7.538
957.124 34.461
957.433 12.460
957.743 38.459
958.052 -9.542
958.361 -23.543
958.670 39.456
958.979 55.455
959.288 21.454
959.597 73.453
959.906 -19.548
960.216 -1.548
960.525 -0.549
960.834 -3.550
961.143 4.449
961.452 -13.552
961.761 -27.553
962.070 63.446
962.380 9.445
962.689 22.444
962.998 26.443
963.307 12.442
963.616 36.441
963.925 13.440
964.234 -18.561
964.543 9.438
964.853 8.437
965.162 39.436
965.471 26.435
965.780 8.434
966.092 -0.567
966.404 16.432
966.716 53.431
967.028 44.430
967.340 7.429
967.652 -39.571
967.964 -47.572
968.276 -10.573
968.588 -8.574
968.900 -47.575
969.212 7.424
969.524 78.423
969.836 19.422
970.148 1.421
970.460 34.420
970.772 16.419
971.084 58.417
971.396 3.416
971.708 53.415
972.020 1.414
972.332 -12.587
972.644 62.412
972.956 5.411
973.268 -5.590
973.580 -21.591
973.892 -14.592
974.204 38.407
974.516 17.406
974.828 5.405
975.140 12.404
975.452 -5.597
975.764 -9.598
976.076 7.401
976.388 4.400
976.700 -0.601
977.012 12.398
977.324 15.397
977.636 84.396
977.948 23.395
978.260 47.394
978.572 -31.608
978.884 33.391
979.196 10.390
979.508 -27.611
979.820 19.388
980.132 23.387
980.444 25.386
980.756 -1.615
981.068 39.384
981.380 -3.617
981.692 19.382
982.004 7.380
982.316 -11.621
982.628 -31.622
982.940 -39.623
983.252 -6.624
983.564 21.375
983.876 -3.626
984.188 -24.627
984.500 27.372
984.812 -8.630
985.124 10.369
985.436 7.368
985.748 -14.633
986.060 -18.634
986.372 -23.635
986.684 -18.636
986.996 28.362
987.308 23.361
987.620 -4.640
987.932 12.359
988.244 24.358
988.556 35.357
988.868 12.356
989.180 65.354
989.492 27.353
989.804 34.352
990.116 48.351
990.428 23.350
990.740 -3.652
991.052 8.347
991.364 28.346
991.676 -19.655
991.988 -20.656
992.300 -11.657
992.612 2.341
992.924 40.340
993.236 68.339
993.548 44.338
993.860 48.337
994.172 -1.665
994.484 20.334
994.796 11.333
995.108 35.332
995.420 51.330
995.732 17.329
996.044 19.328
996.356 0.327
996.668 4.325
996.980 -3.676
997.292 -26.677
997.604 40.322
997.916 59.321
998.228 12.319
998.540 0.318
998.852 12.317
999.164 -19.685
999.476 14.314
999.788 28.313
1000.100 5.312
1000.412 31.310
1000.724 -61.691
1001.036 -1.692
1001.348 -19.693
1001.660 -3.695
1001.972 33.304
1002.284 4.303
1002.596 20.301
1002.908 42.300
1003.220 -17.701
1003.532 -45.703
1003.844 0.296
1004.156 -24.705
1004.468 22.294
1004.780 21.292
1005.092 76.291
1005.404 69.290
1005.716 4.288
1006.028 8.287
1006.340 -1.714
1006.652 -15.716
1006.964 -4.717
1007.276 2.282
1007.588 -0.720
1007.900 16.279
1008.212 16.277
1008.524 4.276
1008.836 15.275
1009.148 -12.727
1009.460 -15.728
1009.772 5.271
1010.084 -18.731
1010.396 23.268
1010.708 30.266
1011.020 -5.735
1011.332 5.264
1011.644 21.262
1011.956 25.261
1012.268 15.259
1012.580 10.258
1012.892 1.257
1013.204 -10.745
1013.516 36.254
1013.828 81.252
1014.140 23.251
1014.452 13.250
1014.764 18.248
1015.076 20.247
1015.388 10.245
1015.700 -9.756
1016.012 -13.758
1016.324 -1.759
1016.636 44.239
1016.948 15.238
1017.260 -6.763
1017.572 -9.765
1017.884 9.234
1018.196 58.232
1018.508 -4.769
1018.820 -20.771
1019.132 2.228
1019.444 8.226
1019.756 20.225
1020.068 56.223
1020.380 7.222
1020.692 28.220
1021.004 51.219
1021.316 18.217
1021.628 -18.784
1021.940 43.214
1022.252 -20.787
1022.564 12.211
1022.876 13.210
1023.188 42.208
1023.500 33.207
1023.812 22.205
1024.124 15.203
1024.436 30.202
1024.748 35.200
1025.060 55.199
1025.372 70.197
1025.684 59.196
1025.996 -19.806
1026.308 36.193
1026.620 -42.809
1026.932 34.189
1027.244 31.188
1027.556 -10.814
1027.868 35.185
1028.180 24.183
1028.492 -23.819
1028.804 -0.820
1029.116 12.178
1029.428 66.177
1029.740 52.175
1030.052 28.173
1030.364 34.172
1030.676 -2.830
1030.988 37.168
1031.300 28.167
1031.612 1.165
1031.924 64.163
1032.236 17.162
1032.548 -0.840
1032.860 69.159
1033.172 33.157
1033.484 46.155
1033.796 76.154
1034.108 69.152
1034.420 17.150
1034.732 53.148
1035.044 23.147
1035.356 0.145
1035.668 25.143
1035.980 22.142
1036.292 61.140
1036.604 40.138
1036.916 19.137
1037.228 30.135
1037.540 -19.867
1037.852 89.131
1038.164 47.130
1038.476 -3.872
1038.788 19.126
1039.100 35.124
1039.412 14.123
1039.724 13.121
1040.036 22.119
1040.348 30.117
1040.660 70.116
1040.972 8.114
1041.284 1.112
1041.596 14.110
1041.908 0.108
1042.220 16.107
1042.532 23.105
1042.844 -8.897
1043.156 12.101
1043.468 80.099
1043.780 46.098
1044.092 14.096
1044.404 48.094
1044.716 27.092
1045.028 90.090
1045.340 41.088
1045.652 66.087
1045.964 24.085
1046.276 16.083
1046.588 12.081
1046.900 2.079
1047.212 34.077
1047.524 26.075
1047.836 29.074
1048.148 53.072
1048.460 -8.930
1048.772 -1.932
1049.084 -40.934
1049.396 20.064
1049.708 5.062
1050.020 57.060
1050.332 4.058
1050.644 11.056
1050.956 25.054
1051.268 29.052
1051.580 29.051
1051.892 79.049
1052.204 76.047
1052.516 56.045
1052.828 15.043
1053.140 13.041
1053.452 61.039
1053.764 16.037
1054.076 48.035
1054.388 28.033
1054.700 44.031
1055.012 54.029
1055.324 45.027
1055.636 7.025
1055.948 25.023
1056.260 62.021
1056.572 25.019
1056.884 11.017
1057.196 59.015
1057.508 51.013
1057.820 34.011
1058.132 7.009
1058.444 -1.993
1058.756 0.004
1059.068 22.002
1059.380 29.000
1059.692 10.998
1060.004 7.996
1060.316 -61.006
1060.628 -16.008
1060.940 18.990
1061.252 28.988
1061.564 23.986
1061.876 13.984
1062.188 70.981
1062.500 67.979
1062.812 38.977
1063.124 30.975
1063.436 22.973
1063.748 49.971
1064.060 -1.031
1064.372 22.966
1064.684 45.964
1064.996 26.962
1065.308 2.960
1065.620 -5.042
1065.932 2.956
1066.244 11.953
1066.556 21.951
1066.868 6.949
1067.180 -49.053
1067.492 13.945
1067.804 37.942
1068.116 27.940
1068.428 78.938
1068.740 32.936
1069.052 49.933
1069.364 56.931
1069.676 25.929
1069.988 -22.073
1070.300 -10.076
1070.612 71.922
1070.924 34.920
1071.236 24.918
1071.548 2.915
1071.860 17.913
1072.172 18.911
1072.484 16.908
1072.796 -4.094
1073.108 11.904
1073.420 13.901
1073.732 41.899
1074.044 62.897
1074.356 39.894
1074.668 44.892
1074.980 27.890
1075.292 17.887
1075.604 3.885
1075.916 11.883
1076.228 -1.120
1076.540 34.878
1076.852 14.875
1077.164 11.873
1077.476 35.871
1077.788 -27.132
1078.100 -15.134
1078.412 60.863
1078.724 9.861
1079.036 2.859
1079.348 -33.144
1079.660 -6.146
1079.972 8.851
1080.284 -30.151
1080.596 42.846
1080.908 1.844
1081.220 36.841
1081.532 1.839
1081.844 51.836
1082.156 -6.166
1082.468 54.831
1082.780 36.829
1083.092 2.826
1083.404 -12.176
1083.716 9.821
1084.028 1.819
1084.340 28.816
1084.652 39.814
1084.964 -18.189
1085.276 -19.192
1085.588 6.806
1085.900 -4.197
1086.212 -7.199
1086.524 17.798
1086.836 34.796
1087.148 34.793
1087.460 16.790
1087.772 -16.212
1088.084 14.785
1088.396 36.783
1088.708 15.780
1089.020 48.777
1089.332 93.775
1089.644 79.772
1089.956 66.769
1090.268 45.767
1090.580 19.764
1090.892 56.761
1091.204 18.759
1091.516 26.756
1091.828 43.753
1092.140 -7.250
1092.465 54.748
1092.790 22.745
1093.114 -22.258
1093.439 17.740
1093.764 21.737
1094.089 17.734
1094.414 17.731
1094.739 0.729
1095.063 11.726
1095.388 -16.277
1095.713 17.720
1096.038 22.717
1096.363 15.715
1096.688 41.712
1097.012 61.709
1097.337 -4.294
1097.662 6.703
1097.987 -30.299
1098.312 21.698
1098.637 51.695
1098.961 45.692
1099.286 32.689
1099.611 15.686
1099.936 -12.317
1100.261 -18.319
1100.586 -11.322
1100.910 26.675
1101.235 8.672
1101.560 0.669
1101.885 15.666
1102.210 16.663
1102.535 73.660
1102.859 14.657
1103.184 29.654
1103.509 44.651
1103.834 -10.352
1104.159 -9.354
1104.484 -24.357
1104.808 -43.360
1105.133 32.637
1105.458 33.634
1105.783 40.631
1106.108 36.628
1106.432 34.625
1106.757 62.622
1107.082 18.619
1107.407 -40.385
1107.732 24.612
1108.057 76.609
1108.381 11.606
1108.706 15.603
1109.031 52.600
1109.356 69.597
1109.681 -4.406
1110.006 8.591
1110.330 -3.412
1110.655 -1.415
1110.980 -34.418
1111.305 6.579
1111.630 16.575
1111.955 -16.428
1112.279 8.569
1112.604 32.566
1112.929 18.563
1113.254 5.560
1113.579 -9.444
1113.904 14.553
1114.228 -44.450
1114.553 18.547
1114.878 10.544
1115.203 -12.459
1115.528 19.537
1115.853 57.534
1116.177 44.531
1116.502 5.528
1116.827 -30.476
1117.152 10.521
1117.477 42.518
1117.802 48.515
1118.126 72.511
1118.451 32.508
1118.776 51.505
1119.101 -3.499
1119.426 -37.502
1119.751 2.495
1120.075 11.492
1120.400 30.488
1120.725 36.485
1121.050 26.482
1121.375 32.478
1121.699 16.475
1122.024 22.472
1122.349 23.468
1122.674 5.465
1122.999 -48.539
1123.324 27.458
1123.648 -6.545
1123.973 -8.549
1124.298 25.448
1124.623 41.444
1124.948 55.441
1125.273 80.438
1125.597 33.434
1125.922 -11.569
1126.247 64.427
1126.572 16.424
1126.897 -8.580
1127.222 34.417
1127.546 8.413
1127.871 22.410
1128.196 43.406
1128.521 65.403
1128.846 26.399
1129.171 -15.604
1129.495 21.392
1129.820 0.389
1130.145 -14.615
1130.470 -22.618
1130.795 24.378
1131.120 36.375
1131.444 49.371
1131.769 43.367
1132.094 53.364
1132.419 14.360
1132.744 1.357
1133.069 -13.647
1133.393 11.349
1133.718 35.346
1134.043 46.342
1134.368 -38.661
1134.693 15.335
1135.017 21.331
1135.342 -3.672
1135.667 26.324
1135.992 22.320
1136.317 0.317
1136.642 -25.687
1136.966 -29.691
1137.291 -2.694
1137.616 48.302
1137.941 14.298
1138.266 -46.706
1138.591 -2.709
1138.915 -18.713
1139.240 -37.717
1139.565 -21.720
1139.890 -20.724
1140.215 2.272
1140.540 43.268
1140.864 -7.735
1141.189 -14.739
1141.514 7.257
1141.839 15.253
1142.164 -24.751
1142.489 -37.754
1142.813 36.242
1143.138 71.238
1143.463 6.234
1143.788 -15.770
1144.113 -0.774
1144.438 16.223
1144.762 -4.781
1145.087 -63.785
1145.412 9.211
1145.737 30.207
1146.062 -5.797
1146.387 11.199
1146.711 13.196
1147.036 34.192
1147.361 -12.812
1147.686 -7.816
1148.011 10.180
1148.335 8.176
1148.660 -17.828
1148.985 -14.832
1149.310 -12.836
1149.635 26.160
1149.960 7.156
1150.284 24.152
1150.609 -16.851
1150.934 19.145
1151.259 3.141
1151.584 -33.863
1151.909 -19.867
1152.233 25.129
1152.558 28.125
1152.883 27.121
1153.208 31.117
1153.533 5.113
1153.858 14.109
1154.182 4.105
1154.507 14.101
1154.832 -10.903
1155.157 -23.907
1155.482 -16.912
1155.807 29.084
1156.131 -3.920
1156.456 19.076
1156.781 62.072
1157.106 35.068
1157.431 -4.936
1157.756 37.060
1158.080 26.056
1158.405 4.052
1158.730 6.048
1159.055 -28.956
1159.380 37.040
1159.705 6.035
1160.029 40.031
1160.354 0.027
1160.679 34.023
1161.004 0.019
1161.329 -13.985
1161.653 33.011
1161.978 67.007
1162.303 -7.998
1162.628 -15.002
1162.953 40.994
1163.278 -22.010
1163.602 -37.014
1163.927 5.982
1164.252 14.977
1164.577 -10.027
1164.902 -17.031
1165.227 7.965
1165.551 -15.039
1165.876 72.957
1166.201 78.952
1166.526 27.948
1166.851 14.944
1167.176 -27.060
1167.500 11.936
1167.825 -12.069
1168.150 17.927
1168.475 26.923
1168.800 -15.081
1169.125 13.915
1169.449 -8.090
1169.774 -27.094
1170.099 -9.098
1170.424 12.898
1170.749 -3.107
1171.074 -5.111
1171.398 18.885
1171.723 10.881
1172.048 31.876
1172.373 30.872
1172.698 -34.132
1173.023 -28.136
1173.347 -38.141
1173.672 -14.145
1173.997 -12.149
1174.322 17.847
1174.647 18.842
1174.972 30.838
1175.296 20.834
1175.621 -3.170
1175.946 12.825
1176.271 12.821
1176.596 17.817
1176.920 31.812
1177.245 -36.192
1177.570 -10.196
1177.895 12.800
1178.220 51.795
1178.545 39.791
1178.869 50.787
1179.194 42.782
1179.519 -36.222
1179.844 23.774
1180.169 30.770
1180.494 -32.235
1180.818 6.761
1181.143 35.757
1181.468 28.752
1181.793 4.748
1182.118 -17.256
1182.443 -1.260
1182.767 -11.265
1183.092 -49.269
1183.417 -23.273
1183.742 57.722
1184.067 14.718
1184.392 8.714
1184.716 0.710
1185.041 14.705
1185.366 24.701
1185.691 37.697
1186.016 -37.308
1186.341 3.688
1186.665 1.684
1186.990 -11.320
1187.315 26.675
1187.640 37.671
1187.965 61.667
1188.290 39.663
1188.614 38.658
1188.939 36.654
1189.264 -1.350
1189.589 14.646
1189.914 -0.359
1190.238 32.637
1190.563 20.633
1190.888 -14.372
1191.213 37.624
1191.538 -3.380
1191.863 32.616
1192.187 -2.388
1192.512 30.607
1192.837 16.603
1193.162 16.599
1193.487 26.595
1193.812 60.590
1194.136 31.586
1194.461 16.582
1194.786 22.578
1195.111 30.574
1195.436 -17.431
1195.761 26.565
1196.085 5.561
1196.410 35.557
1196.735 14.553
1197.060 34.548
1197.385 -14.456
1197.710 1.540
1198.034 -8.464
1198.359 -9.468
1198.684 -42.472
1199.009 10.524
1199.334 39.519
1199.659 36.515
1199.983 22.511
1200.308 31.507
1200.633 52.503
1200.958 26.499
1201.283 -36.505
1201.608 2.491
1201.932 -17.513
1202.257 -49.517
1202.582 -18.522
1202.907 30.474
1203.232 61.470
1203.556 31.466
1203.881 -9.538
1204.206 -5.542
1204.531 -29.546
1204.856 -17.550
1205.181 -28.554
1205.505 -62.558
1205.830 -9.562
1206.155 21.434
1206.480 -34.570
1206.805 7.426
1207.130 -11.578
1207.454 -29.582
1207.779 -28.585
1208.104 38.411
1208.429 -1.593
1208.754 -41.597
1209.079 38.399
1209.403 58.395
1209.728 45.391
1210.053 50.387
1210.378 4.383
1210.703 8.380
1211.028 -37.624
1211.352 -43.628
1211.677 6.368
1212.002 14.364
1212.327 26.361
1212.652 -5.643
1212.977 3.353
1213.301 17.349
1213.626 7.346
1213.951 -11.658
1214.276 7.338
1214.601 -8.666
1214.926 37.331
1215.250 -15.673
1215.575 12.323
1215.900 27.320
1216.225 22.316
1216.550 48.313
1216.875 33.309
1217.199 38.305
1217.524 -36.698
1217.849 27.298
1218.174 28.295
1218.499 47.291
1218.823 17.288
1219.148 6.284
1219.473 7.281
1219.798 -22.723
1220.123 41.274
1220.448 44.270
1220.772 -3.733
1221.097 18.263
1221.422 -31.740
1221.747 7.257
1222.072 -16.747
1222.397 1.250
1222.721 17.246
1223.046 23.243
1223.371 -34.760
1223.696 -3.763
