165.214 68.773
165.472 24.772
165.730 -13.228
165.987 -34.228
166.245 35.772
166.503 9.772
166.761 30.772
167.019 3.772
167.277 24.772
167.534 1.771
167.792 4.771
168.050 -53.229
168.308 -9.229
168.566 10.771
168.824 -10.229
169.081 0.771
169.339 4.771
169.597 40.771
169.855 26.770
170.113 20.770
170.371 7.770
170.628 24.770
170.886 -25.230
171.144 -19.230
171.402 -5.230
171.660 42.770
171.917 42.769
172.175 -0.231
172.433 -7.231
172.691 40.769
172.949 14.769
173.207 45.769
173.464 3.769
173.722 25.769
173.980 52.768
174.238 -3.232
174.496 50.768
174.754 48.768
175.011 25.768
175.269 10.768
175.527 -11.232
175.785 27.768
176.043 15.767
176.301 10.767
176.558 -22.233
176.816 9.767
177.074 58.767
177.332 29.767
177.590 40.767
177.848 -18.233
178.105 -12.234
178.363 40.766
178.621 51.766
178.879 18.766
179.137 42.766
179.395 35.766
179.652 63.766
179.910 68.766
180.168 53.765
180.426 6.765
180.684 13.765
180.942 -3.235
181.199 -15.235
181.457 -9.235
181.715 5.765
181.973 -4.235
182.231 33.765
182.489 -0.236
182.746 13.764
183.004 21.764
183.262 50.764
183.520 38.764
183.778 14.764
184.036 18.764
184.293 -8.236
184.551 20.763
184.809 -35.237
185.067 -2.237
185.325 1.763
185.583 -0.237
185.840 34.763
186.098 24.763
186.356 29.762
186.614 25.762
186.872 6.762
187.130 -1.238
187.387 -7.238
187.645 54.762
187.903 30.762
188.161 36.762
188.419 30.761
188.677 24.761
188.934 10.761
189.192 71.761
189.450 -5.239
189.708 38.761
189.966 25.761
190.224 58.761
190.481 16.760
190.739 2.760
190.997 46.760
191.255 -11.240
191.513 -13.240
191.771 18.760
192.028 10.760
192.286 30.760
192.544 32.759
192.802 24.759
193.060 53.759
193.317 10.759
193.575 6.759
193.833 -19.241
194.091 56.759
194.349 56.759
194.607 25.758
194.864 26.758
195.122 11.758
195.380 28.758
195.638 43.758
195.896 -5.242
196.154 -9.242
196.411 20.757
196.669 18.757
196.927 34.757
197.185 19.757
197.443 62.757
197.701 27.757
197.958 -12.243
198.216 35.757
198.474 34.756
198.732 34.756
198.990 17.756
199.248 7.756
199.505 -7.244
199.763 29.756
200.021 55.756
200.279 28.756
200.537 47.755
200.795 44.755
201.052 -5.245
201.310 51.755
201.568 14.755
201.826 52.755
202.084 14.755
202.342 36.754
202.599 22.754
202.857 13.754
203.115 13.754
203.373 18.754
203.631 -8.246
203.889 31.754
204.146 65.754
204.404 69.753
204.662 13.753
204.920 21.753
205.178 7.753
205.436 -7.247
205.693 7.753
205.951 28.753
206.209 -21.248
206.467 69.752
206.725 10.752
206.983 9.752
207.240 34.752
207.498 86.752
207.756 18.752
208.014 18.752
208.272 38.751
208.530 13.751
208.787 -4.249
209.045 -1.249
209.303 52.751
209.561 54.751
209.819 50.751
210.077 -7.250
210.334 12.750
210.592 19.750
210.850 18.750
211.108 15.750
211.366 45.750
211.624 22.750
211.881 60.749
212.139 48.749
212.397 71.749
212.655 6.749
212.913 -11.251
213.170 2.749
213.428 14.749
213.686 59.749
213.944 29.748
214.202 37.748
214.460 30.748
214.717 30.748
214.975 59.748
215.233 -6.252
215.491 29.748
215.749 3.747
216.007 9.747
216.264 -0.253
216.522 -3.253
216.780 34.747
217.038 76.747
217.296 4.747
217.554 23.746
217.811 11.746
218.069 33.746
218.327 10.746
218.585 13.746
218.843 3.746
219.101 -0.254
219.358 26.745
219.616 15.745
219.874 4.745
220.132 24.745
220.390 11.745
220.648 0.745
220.905 8.745
221.163 39.744
221.421 46.744
221.679 22.744
221.937 -13.256
222.195 17.744
222.452 22.744
222.710 6.744
222.968 -17.257
223.226 25.743
223.484 33.743
223.742 -13.257
223.999 17.743
224.257 88.743
224.515 31.743
224.773 29.742
225.031 -13.258
225.289 39.742
225.546 -34.258
225.804 18.742
226.062 7.742
226.320 14.742
226.578 -57.259
226.836 4.741
227.093 44.741
227.351 37.741
227.609 67.741
227.867 70.741
228.125 32.741
228.383 -11.260
228.640 5.740
228.898 13.740
229.156 -18.260
229.414 13.740
229.672 24.740
229.930 6.740
230.187 27.739
230.445 14.739
230.703 74.739
230.961 -28.261
231.219 50.739
231.477 34.739
231.734 -19.261
231.992 16.738
232.250 38.738
232.508 -2.262
232.766 -4.262
233.024 -24.262
233.281 17.738
233.539 10.738
233.797 -12.263
234.055 -21.263
234.313 43.737
234.570 5.737
234.828 26.737
235.086 58.737
235.344 58.737
235.602 -21.264
235.860 -12.264
236.117 71.736
236.375 40.736
236.633 72.736
236.891 45.736
237.149 47.736
237.407 13.735
237.664 27.735
237.922 41.735
238.180 -3.265
238.438 20.735
238.696 51.735
238.954 -17.266
239.211 40.734
239.469 32.734
239.727 60.734
239.985 57.734
240.243 23.734
240.501 35.734
240.758 30.733
241.016 30.733
241.274 3.733
241.532 12.733
241.790 -5.267
242.048 39.733
242.305 64.733
242.563 24.732
242.821 20.732
243.079 -8.268
243.337 19.732
243.595 49.732
243.852 -18.268
244.110 54.731
244.368 43.731
244.626 59.731
244.884 45.731
245.142 54.731
245.399 16.731
245.657 -30.269
245.915 -11.270
246.173 3.730
246.431 -21.270
246.689 60.730
246.946 45.730
247.204 -6.270
247.462 34.729
247.720 -1.271
247.978 0.729
248.236 2.729
248.493 -24.271
248.751 -10.271
249.009 48.729
249.267 49.728
249.525 27.728
249.783 56.728
250.040 52.728
250.298 41.728
250.556 33.728
250.814 20.727
251.072 -2.273
251.330 45.727
251.587 -2.273
251.845 41.727
252.103 53.727
252.361 36.727
252.619 53.726
252.877 5.726
253.134 -27.274
253.392 38.726
253.650 9.726
253.910 10.726
254.170 -1.275
254.430 3.725
254.690 63.725
254.950 40.725
255.209 87.725
255.469 35.725
255.729 6.724
255.989 27.724
256.249 30.724
256.509 -10.276
256.769 -37.276
257.029 -30.276
257.289 26.724
257.549 26.723
257.809 -19.277
258.069 11.723
258.328 -35.277
258.588 9.723
258.848 20.723
259.108 27.722
259.368 22.722
259.628 31.722
259.888 33.722
260.148 16.722
260.408 27.722
260.668 -3.279
260.928 23.721
261.187 -3.279
261.447 12.721
261.707 -3.279
261.967 8.721
262.227 20.721
262.487 39.720
262.747 17.720
263.007 9.720
263.267 34.720
263.527 12.720
263.787 6.720
264.047 30.719
264.306 44.719
264.566 27.719
264.826 -3.281
265.086 12.719
265.346 22.719
265.606 -12.282
265.866 26.718
266.126 65.718
266.386 3.718
266.646 24.718
266.906 21.718
267.165 16.717
267.425 16.717
267.685 28.717
267.945 44.717
268.205 18.717
268.465 -3.283
268.725 48.716
268.985 -11.284
269.245 22.716
269.505 17.716
269.765 19.716
270.024 -32.284
270.284 64.715
270.544 18.715
270.804 -34.285
271.064 20.715
271.324 5.715
271.584 -16.285
271.844 3.714
272.104 45.714
272.364 30.714
272.624 45.714
272.884 4.714
273.143 60.714
273.403 11.713
273.663 7.713
273.923 22.713
274.183 19.713
274.443 65.713
274.703 4.713
274.963 58.712
275.223 61.712
275.483 46.712
275.743 -4.288
276.002 -37.288
276.262 -9.288
276.522 -40.289
276.782 28.711
277.042 65.711
277.302 18.711
277.562 53.711
277.822 59.711
278.082 49.710
278.342 5.710
278.602 12.710
278.862 -6.290
279.121 3.710
279.381 23.710
279.641 5.709
279.901 28.709
280.161 -34.291
280.421 26.709
280.681 34.709
280.941 27.709
281.201 2.708
281.461 -20.292
281.721 -16.292
281.980 47.708
282.240 73.708
282.500 35.708
282.760 35.707
283.020 54.707
283.280 23.707
283.540 29.707
283.800 4.707
284.060 12.706
284.320 50.706
284.580 72.706
284.840 37.706
285.099 8.706
285.359 75.706
285.619 22.705
285.879 38.705
286.139 -12.295
286.399 -14.295
286.659 -35.295
286.919 16.705
287.179 57.704
287.439 43.704
287.699 60.704
287.958 31.704
288.218 41.704
288.478 20.704
288.738 8.703
288.998 19.703
289.258 15.703
289.518 19.703
289.778 -6.297
290.038 17.702
290.298 8.702
290.558 -3.298
290.818 21.702
291.077 28.702
291.337 -47.298
291.597 -9.299
291.857 -2.299
292.117 12.701
292.377 41.701
292.637 -2.299
292.897 6.700
293.157 -24.300
293.417 14.700
293.677 30.700
293.936 21.700
294.196 -20.300
294.456 32.699
294.716 24.699
294.976 40.699
295.236 22.699
295.496 28.699
295.756 -22.301
296.016 -10.302
296.276 -25.302
296.536 -5.302
296.796 8.698
297.055 14.698
297.315 8.697
297.575 58.697
297.835 20.697
298.095 44.697
298.355 24.697
298.615 50.697
298.875 35.696
299.135 -27.304
299.395 8.696
299.655 -13.304
299.914 -4.304
300.174 57.695
300.434 -20.305
300.694 13.695
300.954 31.695
301.214 -7.305
301.474 52.695
301.734 21.694
301.994 30.694
302.254 6.694
302.514 2.694
302.773 -20.306
303.033 34.693
303.293 15.693
303.553 -24.307
303.813 -34.307
304.073 -5.307
304.333 -11.308
304.593 -12.308
304.853 -23.308
305.113 9.692
305.373 52.692
305.633 25.692
305.892 19.691
306.152 -56.309
306.412 2.691
306.672 -4.309
306.932 -12.309
307.192 43.690
307.452 44.690
307.712 41.690
307.972 -1.310
308.232 7.690
308.492 -29.311
308.751 1.689
309.011 10.689
309.271 43.689
309.531 77.689
309.791 1.689
310.051 -89.312
310.311 24.688
310.571 14.688
310.831 21.688
311.091 -15.312
311.351 17.687
311.611 25.687
311.870 32.687
312.130 13.687
312.390 25.687
312.650 31.686
312.910 8.686
313.170 25.686
313.434 12.686
313.698 5.686
313.963 -5.315
314.227 34.685
314.491 23.685
314.755 -7.315
315.019 18.685
315.284 50.685
315.548 54.684
315.812 6.684
316.076 25.684
316.340 36.684
316.604 -19.316
316.869 -23.317
317.133 47.683
317.397 64.683
317.661 17.683
317.925 56.683
318.190 81.682
318.454 31.682
318.718 -16.318
318.982 53.682
319.246 -23.318
319.511 10.681
319.775 21.681
320.039 4.681
320.303 39.681
320.567 9.681
320.832 -13.320
321.096 27.680
321.360 46.680
321.624 11.680
321.888 45.680
322.153 15.679
322.417 12.679
322.681 93.679
322.945 53.679
323.209 9.679
323.473 3.678
323.738 3.678
324.002 16.678
324.266 43.678
324.530 -30.322
324.794 -25.323
325.059 39.677
325.323 -18.323
325.587 39.677
325.851 22.677
326.115 51.676
326.380 58.676
326.644 44.676
326.908 9.676
327.172 61.676
327.436 -17.325
327.701 -3.325
327.965 25.675
328.229 67.675
328.493 38.675
328.757 -4.326
329.022 3.674
329.286 4.674
329.550 4.674
329.814 -2.326
330.078 -45.327
330.342 27.673
330.607 15.673
330.871 12.673
331.135 16.673
331.399 28.672
331.663 6.672
331.928 -52.328
332.192 -26.328
332.456 -15.328
332.720 -17.329
332.984 39.671
333.249 9.671
333.513 14.671
333.777 40.671
334.041 4.670
334.305 2.670
334.570 -12.330
334.834 -19.330
335.098 40.670
335.362 52.669
335.626 41.669
335.891 40.669
336.155 43.669
336.419 35.669
336.683 15.668
336.947 24.668
337.211 -1.332
337.476 -34.332
337.740 19.667
338.004 41.667
338.268 30.667
338.532 -33.333
338.797 16.667
339.061 9.666
339.325 45.666
339.589 65.666
339.853 20.666
340.118 -25.334
340.382 3.665
340.646 -2.335
340.910 36.665
341.174 1.665
341.439 38.665
341.703 -12.336
341.967 22.664
342.231 38.664
342.495 34.664
342.759 44.663
343.024 52.663
343.288 26.663
343.552 58.663
343.816 26.663
344.080 17.662
344.345 -28.338
344.609 6.662
344.873 -14.338
345.137 20.662
345.401 3.661
345.666 9.661
345.930 31.661
346.194 59.661
346.458 2.660
346.722 14.660
346.987 -15.340
347.251 36.660
347.515 18.660
347.779 36.659
348.043 20.659
348.308 46.659
348.572 45.659
348.836 -2.341
349.100 0.658
349.364 -14.342
349.628 -3.342
349.893 25.658
350.157 -41.343
350.421 0.657
350.685 73.657
350.949 52.657
351.214 18.657
351.478 16.656
351.742 31.656
352.006 13.656
352.270 24.656
352.535 -8.345
352.799 7.655
353.063 19.655
353.327 -0.345
353.591 13.655
353.856 11.654
354.120 -55.346
354.384 40.654
354.648 56.654
354.912 40.653
355.177 13.653
355.441 -0.347
355.705 24.653
355.969 57.653
356.233 37.652
356.497 -6.348
356.762 -1.348
357.026 30.652
357.290 14.651
357.554 5.651
357.818 12.651
358.083 -25.349
358.347 7.651
358.611 15.650
358.875 16.650
359.139 17.650
359.404 17.650
359.668 33.649
359.932 22.649
360.196 38.649
360.460 -32.351
360.725 -55.351
360.989 -23.352
361.253 -12.352
361.517 43.648
361.781 51.648
362.046 -21.353
362.310 49.647
362.574 47.647
362.838 -43.353
363.102 -16.354
363.366 29.646
363.631 32.646
363.895 -12.354
364.159 42.646
364.423 36.645
364.687 9.645
364.952 24.645
365.216 39.645
365.480 -13.356
365.747 -19.356
366.013 -7.356
366.280 31.644
366.546 18.643
366.813 50.643
367.079 24.643
367.346 14.643
367.612 50.643
367.879 39.642
368.145 53.642
368.412 7.642
368.678 22.642
368.945 47.641
369.211 48.641
369.478 54.641
369.744 -8.359
370.011 -1.360
370.278 55.640
370.544 20.640
370.811 -7.360
371.077 7.640
371.344 -4.361
371.610 64.639
371.877 35.639
372.143 8.639
372.410 -9.362
372.676 0.638
372.943 18.638
373.209 16.638
373.476 32.637
373.742 -9.363
374.009 66.637
374.276 25.637
374.542 -0.364
374.809 26.636
375.075 33.636
375.342 65.636
375.608 7.635
375.875 6.635
376.141 9.635
376.408 6.635
376.674 63.635
376.941 9.634
377.207 -7.366
377.474 44.634
377.740 13.634
378.007 8.633
378.273 -20.367
378.540 47.633
378.807 -12.367
379.073 1.632
379.340 54.632
379.606 4.632
379.873 15.632
380.139 24.631
380.406 17.631
380.672 45.631
380.939 -5.369
381.205 12.630
381.472 75.630
381.738 39.630
382.005 18.630
382.271 4.629
382.538 47.629
382.804 36.629
383.071 -8.371
383.338 5.628
383.604 47.628
383.871 -43.372
384.137 40.628
384.404 79.627
384.670 79.627
384.937 21.627
385.203 17.627
385.470 20.626
385.736 -9.374
386.003 -16.374
386.269 5.626
386.536 8.625
386.802 19.625
387.069 26.625
387.336 48.625
387.602 24.624
387.869 30.624
388.135 0.624
388.402 -15.376
388.668 26.623
388.935 -17.377
389.201 -3.377
389.468 -7.377
389.734 16.622
390.001 63.622
390.267 0.622
390.534 -69.378
390.800 -5.379
391.067 12.621
391.333 38.621
391.600 5.621
391.867 -7.380
392.133 45.620
392.400 47.620
392.666 40.620
392.933 52.619
393.199 6.619
393.466 -30.381
393.732 56.619
393.999 -2.382
394.265 12.618
394.532 5.618
394.798 87.618
395.065 -12.383
395.331 41.617
395.598 22.617
395.864 -1.383
396.131 -15.384
396.398 24.616
396.664 40.616
396.931 -30.384
397.197 41.615
397.464 32.615
397.730 35.615
397.997 17.615
398.263 19.614
398.530 23.614
398.796 -5.386
399.063 19.613
399.329 5.613
399.596 32.613
399.862 40.613
400.129 19.612
400.396 8.612
400.662 -19.388
400.929 19.612
401.195 41.611
401.462 -32.389
401.728 5.611
401.995 27.611
402.261 20.610
402.528 28.610
402.794 42.610
403.061 71.610
403.327 56.609
403.594 38.609
403.860 -16.391
404.127 9.608
404.393 27.608
404.660 -17.392
404.934 52.608
405.207 59.607
405.481 38.607
405.754 27.607
406.028 0.607
406.301 -5.394
406.575 56.606
406.848 -26.394
407.122 8.606
407.395 7.605
407.669 42.605
407.942 25.605
408.216 40.604
408.489 32.604
408.763 14.604
409.036 17.604
409.310 2.603
409.583 -9.397
409.857 2.603
410.130 5.603
410.404 43.602
410.677 36.602
410.951 16.602
411.224 -14.399
411.498 9.601
411.771 -41.399
412.045 35.601
412.318 61.600
412.592 32.600
412.865 59.600
413.139 9.600
413.412 29.599
413.686 34.599
413.959 -17.401
414.233 49.598
414.506 4.598
414.780 16.598
415.053 -6.402
415.327 -6.403
415.600 45.597
415.874 31.597
416.147 11.597
416.421 21.596
416.694 85.596
416.968 -22.404
417.241 5.595
417.515 40.595
417.788 31.595
418.062 39.595
418.335 52.594
418.609 11.594
418.882 9.594
419.156 -5.407
419.429 12.593
419.703 -2.407
419.976 40.593
420.250 -27.408
420.524 54.592
420.797 16.592
421.071 80.591
421.344 56.591
421.618 -15.409
421.891 16.591
422.165 57.590
422.438 33.590
422.712 -3.410
422.985 36.589
423.259 24.589
423.532 12.589
423.806 61.589
424.079 58.588
424.353 13.588
424.626 7.588
424.900 37.587
425.173 35.587
425.447 -30.413
425.720 -6.413
425.994 -63.414
426.267 18.586
426.541 103.586
426.814 43.585
427.088 1.585
427.361 0.585
427.635 -15.415
427.908 28.584
428.182 30.584
428.455 3.584
428.729 18.583
429.002 16.583
429.276 20.583
429.549 38.583
429.823 56.582
430.096 55.582
430.370 -35.418
430.643 -3.419
430.917 8.581
431.190 -0.419
431.464 16.580
431.737 16.580
432.011 49.580
432.284 45.580
432.558 -25.421
432.831 -39.421
433.105 11.579
433.378 46.578
433.652 67.578
433.925 79.578
434.199 49.577
434.472 36.577
434.746 14.577
435.019 26.577
435.293 10.576
435.566 28.576
435.840 71.576
436.118 -7.425
436.395 -26.425
436.673 1.575
436.951 13.574
437.228 36.574
437.506 51.574
437.784 31.574
438.061 51.573
438.339 47.573
438.617 -3.427
438.894 8.572
439.172 -24.428
439.450 -2.428
439.727 30.571
440.005 26.571
440.283 -25.429
440.560 -19.429
440.838 0.570
441.115 -27.430
441.393 9.570
441.671 24.569
441.948 -26.431
442.226 -17.431
442.504 12.568
442.781 -31.432
443.059 4.568
443.337 46.567
443.614 15.567
443.892 55.567
444.170 33.567
444.447 10.566
444.725 49.566
445.003 -27.434
445.280 24.565
445.558 50.565
445.836 20.565
446.113 34.564
446.391 47.564
446.669 10.564
446.946 8.563
447.224 16.563
447.502 -16.388
447.779 3.548
448.057 49.316
448.335 55.230
448.612 15.453
448.890 6.509
449.168 -6.382
449.445 -5.391
449.723 -2.416
450.001 -37.069
450.278 -7.367
450.556 60.950
450.834 61.940
451.111 -19.249
451.389 30.256
451.666 -5.388
451.944 39.205
452.222 42.178
452.499 38.213
452.777 31.306
453.055 42.261
453.332 12.481
453.610 34.384
453.888 71.270
454.165 22.488
454.443 -60.324
454.721 -8.437
454.998 16.554
455.276 1.557
455.554 23.648
455.831 17.641
456.109 35.768
456.387 -8.516
456.664 25.784
456.942 32.914
457.220 12.704
457.497 -21.753
457.775 -3.502
458.053 27.010
458.330 7.689
458.608 25.025
458.886 38.355
459.163 64.979
459.441 5.680
459.719 12.857
459.996 5.696
460.274 15.979
460.552 -20.013
460.829 -13.854
461.107 41.801
461.384 63.516
461.662 43.953
461.940 47.100
462.217 20.234
462.495 3.674
462.773 22.326
463.050 37.909
463.328 2.642
463.606 19.257
463.883 32.790
464.161 48.382
464.439 4.723
464.716 32.823
464.994 58.837
465.272 21.376
465.549 -12.964
465.827 0.563
466.105 34.902
466.382 -8.803
466.660 68.200
466.938 47.388
467.215 -4.637
467.493 2.640
467.771 0.560
468.048 -25.401
468.326 -28.487
468.604 9.894
468.881 -16.023
469.159 4.697
469.437 3.658
469.714 -21.162
469.992 15.001
470.270 -10.788
470.547 -10.777
470.825 70.510
471.102 15.966
471.380 -25.119
471.658 3.625
471.935 22.063
472.213 60.935
472.491 37.317
472.768 48.503
473.046 38.259
473.324 14.799
473.601 12.749
473.879 5.621
474.157 7.646
474.434 -11.632
474.712 30.933
474.990 29.889
475.267 -0.476
475.545 18.735
475.823 13.666
476.100 -6.530
476.378 26.769
476.656 43.879
476.933 28.758
477.211 11.620
477.489 79.080
477.766 99.221
478.044 22.662
478.322 -5.507
478.599 27.692
478.877 -29.653
479.155 50.830
479.432 8.576
479.710 31.714
479.988 7.569
480.265 31.714
480.543 42.823
480.820 33.759
481.098 21.674
481.376 47.905
481.653 24.719
481.931 28.751
482.209 25.753
482.486 49.970
482.764 -4.525
483.042 -3.519
483.319 29.848
483.597 -1.499
483.875 -37.937
484.152 -3.528
484.430 -16.699
484.708 44.091
484.985 27.908
485.263 80.728
485.541 41.134
485.818 33.011
486.096 25.931
486.374 39.142
486.651 38.125
486.929 37.146
487.207 30.025
487.484 -6.598
487.762 10.695
488.040 6.626
488.317 50.420
488.595 32.090
488.873 51.438
489.150 89.116
489.428 33.107
489.706 33.107
489.983 39.217
490.261 12.740
490.539 31.069
490.816 40.234
491.094 3.570
491.371 50.365
491.649 10.690
491.927 24.907
492.204 22.874
492.482 43.155
492.760 66.504
493.037 40.067
493.315 -0.500
493.593 22.802
493.870 39.985
494.148 33.878
494.426 42.977
494.703 30.812
494.981 27.754
495.259 49.903
495.536 29.711
495.814 7.548
496.092 22.615
496.369 4.520
496.647 22.569
496.925 52.606
497.202 47.548
497.480 1.500
497.758 -32.435
498.035 14.456
498.313 23.406
498.591 66.168
498.868 21.349
499.146 -1.490
499.424 14.368
499.701 29.205
499.979 16.301
500.257 0.490
500.534 -1.482
500.812 4.425
501.089 21.136
501.367 7.355
501.645 24.014
501.922 55.278
502.200 85.443
502.478 22.898
502.755 13.138
503.033 20.867
503.311 -8.244
503.588 4.344
503.866 -3.387
504.144 -1.454
504.421 26.408
504.699 57.997
504.977 5.249
505.254 23.368
505.532 0.465
505.810 -9.024
506.087 11.826
506.365 2.349
506.643 39.066
506.920 -12.688
507.198 26.673
507.476 46.206
507.753 33.072
508.031 79.448
508.309 53.276
508.586 0.448
508.864 0.446
509.142 -17.937
509.419 11.442
509.697 7.761
509.975 36.937
510.252 -15.043
510.530 -32.260
510.808 -3.190
511.085 30.300
511.363 32.955
511.640 8.549
511.918 22.034
512.196 6.726
512.473 21.994
512.751 17.485
513.029 -17.508
513.306 10.294
513.584 7.596
513.862 25.517
514.139 65.002
514.417 58.723
514.695 -2.264
514.972 24.664
515.250 4.919
515.528 39.131
515.805 53.580
516.083 33.821
516.361 -4.089
516.638 -18.576
516.916 0.428
517.194 25.837
517.471 -21.389
517.749 28.662
518.027 10.466
518.304 12.313
518.582 -8.727
518.860 4.101
519.137 18.796
519.415 -6.008
519.693 29.003
519.970 1.356
520.248 -25.446
520.526 3.210
520.803 7.847
521.081 41.287
521.358 -14.437
521.636 -18.172
521.914 -2.362
522.191 36.814
522.469 15.373
522.747 8.845
523.024 -9.857
523.302 28.523
523.580 5.120
523.857 28.549
524.135 52.028
524.413 21.090
524.690 -14.591
524.968 2.310
525.246 54.944
525.523 7.951
525.801 43.665
526.079 23.950
526.356 36.179
526.634 46.527
526.912 74.748
527.189 8.896
527.467 77.570
527.745 29.592
528.022 36.177
528.300 -20.268
528.578 38.057
528.855 54.049
529.133 66.278
529.411 13.597
529.688 38.056
529.966 23.944
530.244 33.382
530.521 71.988
530.799 32.440
531.077 -28.793
531.354 53.205
531.632 41.934
531.909 61.803
532.187 8.931
532.465 0.424
532.742 80.917
533.020 -6.211
533.298 58.354
533.575 13.746
533.853 33.758
534.131 20.464
534.408 11.898
534.686 11.921
534.964 44.573
535.241 39.850
535.519 -4.389
535.797 8.158
536.074 -23.773
536.352 -15.090
536.630 30.556
536.907 1.404
537.185 27.747
537.463 4.341
537.740 20.999
538.018 -13.307
538.296 -4.485
538.573 24.054
538.851 -3.513
539.129 20.176
539.406 52.804
539.684 79.562
539.962 78.650
540.239 60.888
540.517 47.059
540.795 -8.505
541.072 12.348
541.350 5.396
541.627 22.278
541.905 11.365
542.183 29.257
542.460 27.269
542.738 26.248
543.016 -17.446
543.293 -25.391
543.571 20.288
543.849 12.331
544.126 -14.455
544.404 8.362
544.682 7.370
544.959 -15.448
545.237 66.893
545.515 48.043
545.792 47.995
546.070 44.030
546.353 31.146
546.637 12.315
546.920 -4.539
547.204 18.278
547.487 25.222
547.770 24.230
548.054 49.079
548.337 -14.476
548.621 32.197
548.904 0.419
549.187 20.299
549.471 34.249
549.754 29.274
550.038 -20.498
550.321 -19.522
550.604 18.382
550.888 50.318
551.171 -21.561
551.455 8.417
551.738 -7.591
552.021 0.417
552.305 53.523
552.588 -2.592
552.871 -10.628
553.155 78.808
553.438 8.465
553.722 14.515
554.005 5.457
554.288 20.598
554.572 -37.968
554.855 23.672
555.139 36.853
555.422 19.666
555.705 30.842
555.989 53.208
556.272 1.432
556.556 -32.138
556.839 -3.658
557.122 58.460
557.406 -0.604
557.689 60.619
557.973 59.659
558.256 -20.035
558.539 76.079
558.823 -12.892
559.106 7.586
559.390 -14.955
559.673 20.926
559.956 31.182
560.240 39.427
560.523 32.240
560.807 21.995
561.090 61.049
561.373 51.799
561.657 32.271
561.940 54.881
562.223 23.020
562.507 27.131
562.790 3.492
563.074 50.768
563.357 1.435
563.640 -4.732
563.924 18.887
564.207 22.993
564.491 11.699
564.774 11.686
565.057 19.891
565.341 2.452
565.624 39.337
565.908 30.115
566.191 34.178
566.474 12.683
566.758 47.434
567.041 14.714
567.325 10.612
567.608 19.805
567.891 38.151
568.175 9.579
568.458 -22.031
568.742 -61.787
569.025 10.577
569.308 19.741
569.592 56.343
569.875 27.858
570.159 25.797
570.442 -4.687
570.725 71.455
571.009 49.070
571.292 15.601
571.576 -0.627
571.859 7.471
572.142 33.786
572.426 52.963
572.709 28.666
572.992 11.494
573.276 46.800
573.559 1.389
573.843 17.518
574.126 65.838
574.409 6.415
574.693 7.420
574.976 -9.673
575.260 30.497
575.543 58.609
575.826 53.534
576.110 39.452
576.393 66.439
576.677 43.415
576.960 14.372
577.249 -17.629
577.538 -20.609
577.827 47.275
578.115 25.294
578.404 43.239
578.693 47.180
578.982 37.182
579.271 -4.610
579.560 48.078
579.848 13.286
580.137 16.268
580.426 -4.603
580.715 28.167
581.004 26.181
581.293 12.265
581.581 32.106
581.870 31.113
582.159 -3.609
582.448 -10.554
582.737 27.144
583.026 -2.619
583.314 -5.596
583.603 11.269
583.892 53.927
584.181 84.680
584.470 58.945
584.759 58.944
585.048 -0.640
585.336 8.306
585.625 -0.642
585.914 -0.643
586.203 -10.604
586.492 35.248
586.781 83.104
587.069 85.182
587.358 24.327
587.647 -43.605
587.936 -26.649
588.225 -7.650
588.514 12.362
588.802 24.398
589.091 19.387
589.380 -6.672
589.669 -2.666
589.958 -2.669
590.247 32.574
590.536 66.881
590.824 31.630
591.113 30.651
591.402 2.372
591.691 69.243
591.980 62.214
592.269 47.048
592.557 81.648
592.846 57.315
593.135 21.732
593.424 15.621
593.713 20.733
594.002 10.539
594.290 2.383
594.579 21.773
594.868 31.976
595.157 50.343
595.446 7.485
595.735 24.832
596.023 2.380
596.312 1.360
596.601 42.091
596.890 64.428
597.179 18.630
597.468 46.022
597.757 61.126
598.045 3.371
598.334 0.333
598.623 16.478
598.912 16.444
599.201 80.732
599.490 0.328
599.778 10.348
600.067 7.326
600.356 68.189
600.645 48.133
600.934 13.245
601.223 30.113
601.511 73.660
601.800 -6.611
602.089 26.036
602.378 44.740
602.667 -5.601
602.956 35.784
603.244 -6.575
603.533 -5.586
603.822 16.030
604.111 38.623
604.400 60.174
604.689 30.733
604.978 26.780
605.266 4.231
605.555 26.779
605.844 79.642
606.133 94.333
606.422 61.031
606.711 37.524
606.999 77.680
607.288 20.873
607.577 6.181
607.866 13.036
608.155 9.118
608.444 34.582
608.732 83.553
609.021 61.026
609.310 54.169
609.599 39.477
609.888 8.135
610.177 38.497
610.466 61.023
610.754 28.701
611.043 40.454
611.332 23.803
611.621 17.925
611.910 7.151
612.199 26.739
612.487 26.738
612.776 14.985
613.065 16.943
613.354 60.037
613.643 63.954
613.932 13.023
614.220 30.652
614.509 41.385
614.798 -0.690
615.087 4.202
615.376 60.953
615.665 42.361
615.953 -20.262
616.242 25.726
616.531 58.993
616.820 51.165
617.109 50.186
617.398 57.090
617.687 34.529
617.975 78.560
618.264 21.807
618.553 36.484
618.842 47.246
619.131 -26.140
619.420 37.460
619.708 62.900
619.997 46.265
620.286 72.684
620.575 42.350
620.864 5.163
621.153 19.825
621.441 52.082
621.730 22.756
622.019 -4.611
622.308 19.803
622.597 1.247
622.886 18.807
623.174 24.660
623.463 31.488
623.752 54.849
624.041 -5.581
624.330 58.746
624.619 82.137
624.908 3.186
625.196 -24.078
625.485 35.317
625.774 38.238
626.063 -5.575
626.352 30.417
626.641 30.416
626.929 15.809
627.218 69.191
627.507 -0.713
627.796 4.137
628.085 18.667
628.374 96.000
628.662 27.308
628.951 42.683
629.240 30.060
629.529 15.606
629.818 12.690
630.107 31.737
630.396 29.714
630.684 -14.921
630.973 6.853
631.262 39.753
631.551 66.782
631.840 40.351
632.129 86.668
632.417 67.765
632.706 63.828
632.995 22.250
633.284 13.016
633.573 40.229
633.862 31.930
634.150 66.952
634.439 37.960
634.728 18.128
635.017 11.818
635.306 19.776
635.595 1.992
635.883 -15.698
636.172 33.726
636.461 51.272
636.750 60.847
637.039 88.010
637.328 54.599
637.617 52.844
637.905 75.650
638.194 42.316
638.483 8.990
638.772 13.391
639.061 22.217
639.350 64.583
639.638 66.464
639.927 56.846
640.216 41.912
640.505 76.721
640.794 77.818
641.083 11.837
641.371 36.083
641.660 57.762
641.949 81.363
642.238 50.841
642.527 69.174
642.816 91.200
643.104 64.077
643.393 -0.707
643.682 24.061
643.971 37.040
644.260 38.066
644.549 46.461
644.838 75.347
645.126 104.394
645.415 49.648
645.704 52.593
645.993 88.304
646.282 65.996
646.571 71.770
646.859 53.087
647.148 69.270
647.437 16.335
647.726 22.069
648.015 30.682
648.304 42.230
648.592 96.856
648.881 117.175
649.170 53.999
649.459 15.603
649.748 78.389
650.037 52.428
650.326 64.157
650.614 62.339
650.903 93.588
651.192 85.972
651.481 121.296
651.770 132.166
652.059 121.650
652.347 75.765
652.636 84.679
652.925 71.066
653.214 64.238
653.503 85.095
653.792 50.593
654.080 128.783
654.369 75.445
654.658 92.367
654.947 79.561
655.236 87.584
655.525 81.706
655.813 84.771
656.102 93.819
656.391 127.810
656.680 99.993
656.969 125.067
657.258 95.096
657.547 88.190
657.835 84.274
658.124 125.314
658.413 83.355
658.702 115.418
658.991 144.620
659.280 138.602
659.568 139.744
659.857 160.827
660.146 129.702
660.435 143.902
660.724 149.931
661.013 150.936
661.301 170.030
661.590 124.929
661.879 170.200
662.168 204.404
662.457 149.071
662.746 161.143
663.034 173.215
663.323 179.250
663.612 141.020
663.901 183.273
664.190 132.970
664.479 155.102
664.768 152.083
665.056 182.263
665.345 213.450
665.634 161.135
665.923 144.892
666.212 158.961
666.501 199.162
666.789 161.812
667.078 122.655
667.367 216.027
667.656 240.885
667.945 201.767
668.234 200.763
668.522 180.521
668.811 226.612
669.100 160.479
669.389 187.345
669.678 232.389
669.967 200.156
670.256 199.155
670.544 245.908
670.833 253.899
671.122 251.649
671.411 258.634
671.700 246.412
671.989 285.010
672.277 286.005
672.566 295.670
672.855 217.840
673.144 242.690
673.433 275.219
673.722 294.086
674.010 301.730
674.299 258.079
674.588 271.697
674.877 333.143
675.166 286.278
675.455 261.266
675.743 252.363
676.032 295.591
676.321 346.974
676.610 370.322
676.899 297.271
677.188 335.439
677.477 376.858
677.765 346.285
678.054 384.367
678.343 394.218
678.632 371.191
678.921 354.458
679.210 397.373
679.498 392.456
679.787 338.375
680.076 372.422
680.365 396.980
680.654 446.095
680.943 421.122
681.231 433.879
681.520 455.021
681.809 439.334
682.098 477.569
682.387 482.470
682.676 508.441
682.964 468.283
683.253 509.419
683.542 517.253
683.831 562.306
684.120 543.164
684.409 596.979
684.698 573.495
684.986 544.673
685.275 576.993
685.564 616.170
685.853 592.662
686.142 583.847
686.431 602.455
686.719 589.721
687.008 650.445
687.297 637.712
687.586 668.073
687.875 661.216
688.164 731.735
688.452 653.379
688.741 726.836
689.030 732.711
689.319 721.230
689.608 709.488
689.897 755.475
690.186 751.560
690.474 785.806
690.763 762.322
691.052 796.567
691.341 807.141
691.630 850.235
691.919 887.453
692.207 821.830
692.496 866.883
692.785 872.634
693.074 825.574
693.363 891.259
693.652 874.469
693.940 921.573
694.229 1007.931
694.518 968.645
694.807 1014.813
695.096 1063.991
695.385 1043.341
695.673 1136.887
695.962 1062.083
696.251 1117.200
696.540 1107.462
696.835 1152.932
697.130 1190.406
697.425 1221.964
697.720 1212.310
698.015 1250.809
698.310 1286.629
698.605 1241.173
698.900 1297.496
699.195 1360.104
699.490 1352.190
699.785 1351.548
700.080 1364.418
700.375 1462.896
700.670 1392.528
700.965 1423.670
701.260 1487.161
701.555 1560.137
701.850 1533.323
702.145 1597.871
702.440 1621.327
702.735 1671.028
703.030 1631.893
703.324 1623.932
703.619 1615.588
703.914 1681.325
704.209 1728.136
704.504 1904.430
704.799 1806.627
705.094 1831.551
705.389 1826.565
705.684 1936.235
705.979 1854.479
706.274 1843.355
706.569 1884.272
706.864 2018.022
707.159 1963.076
707.454 1995.043
707.749 2080.037
708.044 2043.036
708.339 2191.035
708.634 2209.034
708.929 2121.154
709.224 2197.427
709.519 2221.474
709.814 2335.035
710.109 2400.229
710.404 2360.470
710.699 2324.324
710.994 2493.493
711.289 2471.382
711.584 2494.994
711.879 2558.373
712.174 2540.263
712.469 2501.531
712.764 2616.334
713.059 2652.587
713.354 2696.590
713.649 2731.871
713.944 2750.015
714.239 2716.748
714.534 2789.328
714.829 3019.166
715.124 2827.632
715.419 2890.131
715.714 3023.195
716.009 3027.226
716.304 3135.224
716.598 3062.569
716.893 3157.581
717.188 3221.216
717.483 3240.650
717.778 3240.892
718.073 3225.938
718.368 3310.030
718.663 3415.820
718.958 3541.114
719.253 3579.265
719.548 3561.541
719.843 3600.809
720.138 3569.820
720.433 3619.768
720.728 3715.297
721.023 3750.756
721.318 3795.698
721.613 3859.906
721.908 3812.870
722.203 3910.937
722.498 3911.960
722.793 4032.770
723.088 4068.629
723.383 4090.145
723.678 4130.236
723.973 4220.491
724.268 4272.798
724.563 4302.540
724.858 4377.411
725.153 4283.051
725.448 4323.050
725.743 4479.480
726.038 4495.872
726.333 4598.330
726.628 4502.527
726.923 4571.103
727.218 4663.565
727.513 4633.912
727.808 4685.357
728.103 4683.636
728.398 4764.488
728.693 4935.740
728.988 4858.411
729.283 4899.246
729.578 5018.250
729.873 4963.371
730.167 4928.889
730.462 4998.940
730.757 4958.413
731.052 4980.721
731.347 5093.068
731.642 5150.606
731.937 5051.463
732.232 5162.573
732.527 5128.099
732.822 4935.429
733.117 5053.317
733.412 5091.584
733.707 4998.935
734.002 5063.257
734.297 5105.361
734.592 5019.998
734.887 5101.139
735.182 4928.794
735.477 5078.013
735.772 4969.934
736.067 4988.944
736.362 4934.063
736.657 4860.210
736.952 4832.432
737.247 4889.370
737.542 4805.704
737.837 4708.383
738.132 4620.820
738.427 4621.196
738.722 4583.421
739.017 4483.536
739.312 4453.743
739.607 4291.586
739.902 4306.465
740.197 4098.034
740.492 3967.210
740.787 3925.657
741.082 3891.002
741.377 3843.631
741.672 3716.314
741.967 3614.534
742.262 3468.813
742.557 3433.833
742.852 3350.991
743.147 3317.147
743.442 3153.599
743.736 3030.445
744.031 2941.831
744.326 2902.460
744.621 2824.702
744.916 2707.863
745.211 2635.099
745.506 2618.381
745.801 2409.924
746.096 2498.911
746.391 2273.959
746.686 2144.292
746.981 2056.808
747.276 2102.931
747.571 1956.708
747.866 1823.416
748.161 1850.865
748.456 1760.668
748.751 1676.670
749.046 1595.376
749.341 1544.444
749.636 1520.427
749.931 1403.009
750.226 1393.223
750.521 1319.836
750.816 1228.837
751.111 1212.202
751.406 1143.707
751.701 1061.514
751.996 1098.695
752.291 1000.846
752.586 1005.738
752.881 877.556
753.176 924.522
753.471 838.415
753.766 882.445
754.061 815.727
754.356 802.993
754.651 730.514
754.946 708.965
755.241 625.712
755.536 623.752
755.831 643.339
756.126 561.495
756.421 511.592
756.716 496.913
757.010 501.805
757.305 543.878
757.600 510.608
757.895 481.253
758.190 417.242
758.485 447.982
758.780 434.282
759.075 336.433
759.370 353.066
759.665 349.151
759.960 377.895
760.255 347.531
760.550 356.345
760.845 315.517
761.140 321.398
761.435 256.942
761.730 251.299
762.025 308.273
762.320 283.992
762.615 245.643
762.910 252.525
763.205 243.913
763.500 225.211
763.802 203.757
764.104 222.475
764.406 234.296
764.708 204.940
765.010 233.538
765.312 192.117
765.615 182.433
765.917 142.945
766.219 175.694
766.521 145.060
766.823 89.723
767.125 134.321
767.427 163.993
767.729 121.580
768.031 169.103
768.333 112.666
768.635 114.758
768.937 69.167
769.239 113.764
769.542 122.805
769.844 96.017
770.146 101.968
770.448 132.853
770.750 133.844
771.052 121.054
771.354 112.106
771.656 74.405
771.958 94.304
772.260 55.552
772.562 108.447
772.864 30.710
773.166 65.639
773.468 63.705
773.771 84.767
774.073 96.862
774.375 69.904
774.677 67.898
774.979 90.031
775.281 111.204
775.583 47.998
775.885 83.173
776.187 86.273
776.489 74.274
776.791 49.146
777.093 20.939
777.395 94.696
777.698 72.546
778.000 58.448
778.302 48.374
778.604 25.095
778.906 96.185
779.208 51.566
779.510 16.011
779.812 48.613
780.114 42.544
780.416 14.029
780.718 54.942
781.020 49.879
781.322 40.707
781.625 109.465
781.927 78.694
782.229 47.973
782.531 -8.506
782.833 17.204
783.135 71.803
783.437 61.566
783.739 21.381
784.041 70.988
784.343 74.162
784.645 2.809
784.947 12.136
785.249 56.753
785.552 44.349
785.854 22.564
786.156 61.088
786.458 35.108
786.760 13.245
787.062 -2.400
787.364 19.539
787.666 8.052
787.968 56.226
788.270 41.609
788.572 81.525
788.874 8.088
789.176 19.673
789.478 10.209
789.781 37.604
790.083 18.655
790.385 29.233
790.687 -3.508
790.989 13.418
791.291 63.219
791.593 60.103
791.895 87.673
792.197 59.102
792.499 -3.533
792.801 33.656
793.103 57.034
793.405 35.816
793.708 73.049
794.010 62.475
794.312 16.698
794.614 43.395
794.916 56.200
795.218 50.916
795.520 33.857
795.822 -12.147
796.124 -22.880
796.426 23.231
796.728 31.847
797.030 40.481
797.332 22.200
797.635 45.904
797.937 15.779
798.239 -12.253
798.541 59.006
798.843 36.326
799.145 5.012
799.447 35.319
799.749 114.321
800.051 19.081
800.353 81.939
800.655 78.687
800.957 -31.859
801.259 -24.269
801.562 -13.425
801.864 8.266
802.166 6.101
802.468 40.844
802.770 66.901
803.072 38.669
803.374 90.784
803.676 13.707
803.978 -2.599
804.280 39.790
804.582 28.950
804.884 -18.930
805.186 -21.131
805.488 1.743
805.791 51.907
806.093 11.568
806.395 42.180
806.697 -0.445
806.999 -24.517
807.301 -25.641
807.603 26.931
807.905 20.380
808.207 -0.456
808.509 36.864
808.811 54.425
809.113 22.614
809.415 -9.256
809.718 -13.653
810.020 6.132
810.322 33.633
810.624 -4.879
810.926 25.956
811.228 -12.606
811.530 25.981
811.834 34.838
812.137 56.974
812.441 27.137
812.744 38.227
813.048 23.871
813.351 27.222
813.655 -7.156
813.958 17.259
814.262 66.165
814.565 -3.841
814.869 13.970
815.172 44.034
815.476 38.507
815.779 59.754
816.083 24.037
816.386 -9.458
816.690 7.308
816.993 7.314
817.297 25.258
817.600 72.422
817.904 26.434
818.208 60.207
818.511 42.207
818.815 3.965
819.118 -32.110
819.422 2.841
819.725 0.581
820.029 -2.807
820.332 49.110
820.636 66.037
820.939 44.540
821.243 59.194
821.546 70.387
821.850 37.642
822.153 3.928
822.457 -12.895
822.760 60.957
823.064 80.908
823.367 37.296
823.671 27.181
823.974 34.870
824.278 41.375
824.582 28.035
824.885 18.072
825.189 -31.169
825.492 53.898
825.796 34.176
826.099 9.171
826.403 9.130
826.706 8.024
827.010 19.752
827.313 37.770
827.617 76.926
827.920 30.087
828.224 32.063
828.527 56.036
828.831 41.186
829.134 51.408
829.438 27.383
829.741 9.743
830.045 27.154
830.348 79.188
830.652 26.929
830.956 20.711
831.259 40.807
831.563 27.576
831.866 52.489
832.170 53.221
832.473 80.786
832.777 80.385
833.080 20.086
833.384 -32.851
833.687 18.913
833.991 -12.188
834.294 25.477
834.598 62.781
834.901 66.299
835.205 44.077
835.508 58.990
835.812 -6.200
836.115 -2.428
836.419 -35.969
836.722 9.650
837.026 25.324
837.330 0.367
837.633 -43.673
837.937 25.064
838.240 12.230
838.544 45.023
838.847 12.193
839.151 24.009
839.454 26.737
839.758 17.636
840.061 9.453
840.365 -11.507
840.668 58.790
840.972 -34.425
841.275 -4.243
841.579 34.346
841.882 57.481
842.186 49.320
842.489 38.334
842.793 64.461
843.097 -14.578
843.400 17.155
843.704 25.660
844.007 63.300
844.311 23.892
844.614 16.396
844.918 -30.924
845.221 2.222
845.525 6.977
845.828 52.703
846.132 15.587
846.435 -27.380
846.739 17.525
847.042 88.269
847.346 60.600
847.649 5.095
847.953 52.940
848.256 33.799
848.560 -19.792
848.863 -17.880
849.167 7.947
849.471 26.110
849.774 28.020
850.078 -15.944
850.381 47.046
850.685 67.018
850.988 19.333
851.292 20.244
851.595 -12.066
851.899 22.078
852.202 14.465
852.506 -17.687
852.809 -36.489
853.113 29.429
853.416 52.846
853.720 -23.148
854.023 16.131
854.327 65.432
854.630 52.248
854.934 -9.010
855.237 -15.465
855.541 17.755
855.845 21.380
856.148 27.735
856.452 17.602
856.755 37.607
857.059 5.684
857.362 24.728
857.666 72.622
857.969 18.288
858.273 -22.324
858.576 54.222
858.880 59.513
859.183 5.592
859.487 -5.163
859.790 45.782
860.094 -4.257
860.397 19.809
860.701 20.661
861.004 1.974
861.308 -46.834
861.611 6.397
861.915 11.703
862.219 -6.008
862.522 5.484
862.826 16.951
863.129 25.752
863.433 28.371
863.736 52.991
864.040 19.539
864.343 21.297
864.647 44.182
864.950 30.095
865.254 33.614
865.557 2.805
865.861 22.186
866.164 32.785
866.468 57.474
866.771 16.054
867.075 14.297
867.378 21.387
867.682 45.359
867.985 78.228
868.289 53.476
868.593 43.734
868.896 9.051
869.200 -18.597
869.503 34.093
869.807 1.924
870.110 17.185
870.414 13.629
870.717 60.540
871.021 -7.103
871.324 54.469
871.628 19.193
871.931 72.001
872.235 23.838
872.538 64.157
872.842 -9.981
873.145 3.792
873.449 48.121
873.752 55.660
874.056 -11.979
874.359 19.671
874.663 -4.575
874.967 12.279
875.270 39.567
875.574 27.424
875.877 6.705
876.181 44.636
876.484 49.514
876.788 22.007
877.091 25.892
877.395 44.180
877.698 14.484
878.002 12.596
878.305 34.819
878.609 85.256
878.912 19.463
879.216 24.357
879.519 36.122
879.823 20.565
880.126 45.997
880.430 64.694
880.733 12.806
881.037 -32.370
881.341 39.375
881.644 34.523
881.948 -2.921
882.251 31.624
882.555 20.804
882.858 14.881
883.162 49.630
883.465 2.010
883.769 20.896
884.072 39.819
884.376 35.908
884.679 -7.987
884.983 58.010
885.286 33.007
885.590 66.004
885.893 41.001
886.197 64.998
886.500 32.995
886.804 -7.008
887.107 -0.011
887.411 -43.013
887.715 13.984
888.018 16.981
888.322 71.978
888.625 -9.025
888.929 34.972
889.232 39.969
889.536 54.966
889.839 -20.037
890.143 16.960
890.446 -6.043
890.750 95.954
891.053 49.951
891.357 12.948
891.660 18.945
891.964 5.942
892.267 38.939
892.571 -0.064
892.874 20.933
893.178 -37.070
893.482 28.926
893.785 22.923
894.089 44.920
894.392 123.917
894.696 98.914
894.999 48.911
895.303 38.908
895.606 -28.095
895.910 -38.098
896.213 -40.101
896.517 1.896
896.820 -10.108
897.124 1.889
897.427 23.886
897.731 75.883
898.034 57.880
898.338 53.877
898.641 47.873
898.945 -48.130
899.248 -32.133
899.552 -35.136
899.856 70.861
900.159 79.857
900.463 13.854
900.766 66.851
901.070 7.848
901.373 14.845
901.677 -45.159
901.980 33.838
902.284 35.835
902.587 50.832
902.891 34.828
903.194 32.825
903.498 -14.178
903.801 10.818
904.105 19.815
904.408 10.812
904.712 6.809
905.015 6.805
905.319 55.802
905.622 38.799
905.926 2.795
906.230 29.792
906.533 21.789
906.837 -23.215
907.140 -3.218
907.444 36.778
907.747 17.775
908.051 33.772
908.354 33.768
908.658 34.765
908.961 37.761
909.265 -2.242
909.568 11.755
909.872 58.751
910.175 17.748
910.479 17.744
910.782 45.741
911.086 -7.263
911.389 49.734
911.693 74.730
911.996 31.727
912.300 43.723
912.609 13.720
912.918 10.716
913.227 31.713
913.537 31.709
913.846 11.706
914.155 18.702
914.464 12.699
914.773 7.695
915.082 6.692
915.391 -25.312
915.700 45.684
916.010 17.681
916.319 -1.323
916.628 13.674
916.937 10.670
917.246 63.666
917.555 15.663
917.864 14.659
918.174 27.656
918.483 45.652
918.792 72.648
919.101 76.645
919.410 6.641
919.719 -39.363
920.028 9.633
920.337 11.630
920.647 16.626
920.956 22.622
921.265 34.619
921.574 36.615
921.883 44.611
922.192 -5.393
922.501 7.604
922.811 8.600
923.120 25.596
923.429 90.592
923.738 33.589
924.047 59.585
924.356 11.581
924.665 14.577
924.974 7.573
925.284 24.569
925.593 -46.434
925.902 9.562
926.211 -0.442
926.520 35.554
926.829 35.550
927.138 32.546
927.448 -32.458
927.757 5.538
928.066 25.535
928.375 36.531
928.684 49.527
928.993 22.523
929.302 -47.481
929.611 35.515
929.921 16.511
930.230 3.507
930.539 21.503
930.848 25.499
931.157 -23.505
931.466 5.491
931.775 8.487
932.085 3.483
932.394 22.479
932.703 -1.525
933.012 49.471
933.321 37.467
933.630 -9.537
933.939 12.459
934.248 29.454
934.558 11.450
934.867 10.446
935.176 31.442
935.485 17.438
935.794 36.434
936.103 46.430
936.412 45.426
936.721 27.421
937.031 40.417
937.340 23.413
937.649 -9.591
937.958 -11.595
938.267 7.400
938.576 62.396
938.885 15.392
939.195 68.388
939.504 60.383
939.813 35.379
940.122 -6.625
940.431 -27.629
940.740 39.366
941.049 22.362
941.359 26.358
941.668 34.353
941.977 57.349
942.286 34.345
942.595 30.340
942.904 54.336
943.213 21.332
943.522 27.327
943.832 20.323
944.141 -31.682
944.450 50.314
944.759 64.310
945.068 34.305
945.377 30.301
945.686 53.296
945.995 49.292
946.305 -1.713
946.614 45.283
946.923 9.278
947.232 7.274
947.541 35.269
947.850 87.265
948.159 43.260
948.469 25.256
948.778 69.251
949.087 2.247
949.396 -40.758
949.705 23.237
950.014 27.233
950.323 42.228
950.632 48.224
950.942 111.219
951.251 25.214
951.560 -14.790
951.869 34.205
952.178 36.200
952.487 63.196
952.796 36.191
953.106 -8.814
953.415 11.182
953.724 38.177
954.033 13.172
954.342 54.167
954.651 37.163
954.960 10.158
955.269 17.153
955.579 6.148
955.888 17.143
956.197 26.139
956.506 13.134
956.815 30.129
957.124 22.124
957.433 47.119
957.743 47.114
958.052 54.109
958.361 26.105
958.670 12.100
958.979 -38.905
959.288 -19.910
959.597 32.085
959.906 71.080
960.216 15.075
960.525 69.070
960.834 45.065
961.143 1.060
961.452 14.055
961.761 12.050
962.070 1.045
962.380 33.040
962.689 14.035
962.998 74.030
963.307 63.025
963.616 68.019
963.925 65.014
964.234 38.009
964.543 30.004
964.853 12.999
965.162 -5.006
965.471 9.989
965.780 46.983
966.092 69.978
966.404 80.973
966.716 33.968
967.028 37.963
967.340 24.957
967.652 66.952
967.964 -16.053
968.276 -18.059
968.588 -5.064
968.900 -1.069
969.212 77.926
969.524 47.920
969.836 17.915
970.148 -4.091
970.460 17.904
970.772 17.899
971.084 16.893
971.396 8.888
971.708 56.882
972.020 -1.123
972.332 44.872
972.644 19.866
972.956 9.861
973.268 26.855
973.580 23.850
973.892 19.844
974.204 22.839
974.516 28.833
974.828 10.827
975.140 9.822
975.452 52.816
975.764 58.811
976.076 68.805
976.388 3.799
976.700 -2.206
977.012 10.788
977.324 -8.217
977.636 23.777
977.948 -1.229
978.260 -3.235
978.572 65.760
978.884 2.754
979.196 4.748
979.508 0.742
979.820 53.737
980.132 22.731
980.444 53.725
980.756 42.719
981.068 46.713
981.380 35.708
981.692 -3.298
982.004 43.696
982.316 24.690
982.628 11.684
982.940 22.678
983.252 -4.328
983.564 60.666
983.876 33.660
984.188 49.654
984.500 69.648
984.812 -0.358
985.124 8.636
985.436 10.630
985.748 25.624
986.060 1.618
986.372 -16.388
986.684 39.606
986.996 61.600
987.308 26.594
987.620 42.588
987.932 55.581
988.244 67.575
988.556 1.569
988.868 -10.437
989.180 -19.443
989.492 13.550
989.804 41.544
990.116 52.538
990.428 43.532
990.740 23.525
991.052 8.519
991.364 17.513
991.676 29.506
991.988 9.500
992.300 39.494
992.612 37.487
992.924 38.481
993.236 -19.526
993.548 56.468
993.860 56.461
994.172 0.455
994.484 -10.552
994.796 50.442
995.108 13.435
995.420 7.429
995.732 41.422
996.044 41.416
996.356 47.409
996.668 52.403
996.980 43.396
997.292 12.389
997.604 -2.617
997.916 39.376
998.228 30.369
998.540 -16.637
998.852 -5.644
999.164 38.349
999.476 34.342
999.788 32.336
1000.100 7.329
1000.412 57.322
1000.724 -3.685
1001.036 35.308
1001.348 63.302
1001.660 24.295
1001.972 42.288
1002.284 14.281
1002.596 20.274
1002.908 24.267
1003.220 5.260
1003.532 9.253
1003.844 39.246
1004.156 -16.761
1004.468 9.232
1004.780 3.225
1005.092 59.218
1005.404 59.211
1005.716 46.204
1006.028 13.197
1006.340 5.190
1006.652 36.183
1006.964 44.175
1007.276 -0.832
1007.588 -14.839
1007.900 -32.846
1008.212 51.146
1008.524 41.139
1008.836 56.132
1009.148 53.125
1009.460 9.117
1009.772 -7.890
1010.084 6.103
1010.396 -5.905
1010.708 15.088
1011.020 16.080
1011.332 29.073
1011.644 -17.934
1011.956 34.058
1012.268 24.051
1012.580 2.043
1012.892 1.036
1013.204 -27.972
1013.516 -0.979
1013.828 32.013
1014.140 29.005
1014.452 25.998
1014.764 10.990
1015.076 21.982
1015.388 12.975
1015.700 1.967
1016.012 -26.041
1016.324 46.952
1016.636 2.944
1016.948 38.936
1017.260 -3.072
1017.572 57.920
1017.884 78.913
1018.196 25.905
1018.508 20.897
1018.820 35.889
1019.132 42.881
1019.444 9.873
1019.756 -11.135
1020.068 25.857
1020.380 12.849
1020.692 49.841
1021.004 30.833
1021.316 -6.175
1021.628 12.817
1021.940 18.809
1022.252 -1.199
1022.564 9.793
1022.876 41.785
1023.188 8.776
1023.500 40.768
1023.812 -46.240
1024.124 -7.248
1024.436 27.743
1024.748 6.735
1025.060 37.727
1025.372 11.719
1025.684 -48.290
1025.996 33.702
1026.308 21.693
1026.620 -1.315
1026.932 52.677
1027.244 10.668
1027.556 3.660
1027.868 -11.349
1028.180 -2.357
1028.492 4.634
1028.804 -8.375
1029.116 49.617
1029.428 59.608
1029.740 41.600
1030.052 15.591
1030.364 18.582
1030.676 25.574
1030.988 4.565
1031.300 10.556
1031.612 -31.453
1031.924 -9.461
1032.236 -9.470
1032.548 57.521
1032.860 55.512
1033.172 24.503
1033.484 45.494
1033.796 15.485
1034.108 0.476
1034.420 16.467
1034.732 -5.542
1035.044 -7.551
1035.356 3.440
1035.668 7.431
1035.980 -26.578
1036.292 -19.587
1036.604 48.404
1036.916 22.395
1037.228 -27.614
1037.540 3.376
1037.852 26.367
1038.164 31.358
1038.476 29.349
1038.788 50.339
1039.100 13.330
1039.412 55.321
1039.724 48.311
1040.036 17.302
1040.348 -62.708
1040.660 -48.717
1040.972 -11.726
1041.284 18.264
1041.596 30.254
1041.908 36.245
1042.220 0.235
1042.532 -7.774
1042.844 -44.784
1043.156 67.206
1043.468 9.197
1043.780 13.187
1044.092 32.177
1044.404 37.168
1044.716 -16.842
1045.028 -8.852
1045.340 40.138
1045.652 42.128
1045.964 46.119
1046.276 50.109
1046.588 -7.901
1046.900 8.089
1047.212 41.079
1047.524 19.069
1047.836 -13.941
1048.148 -10.951
1048.460 34.039
1048.772 12.028
1049.084 16.018
1049.396 20.008
1049.708 -38.002
1050.020 15.988
1050.332 17.978
1050.644 39.967
1050.956 26.957
1051.268 -13.053
1051.580 16.936
1051.892 45.926
1052.204 13.915
1052.516 14.905
1052.828 45.895
1053.140 9.884
1053.452 59.874
1053.764 20.863
1054.076 23.852
1054.388 40.842
1054.700 7.831
1055.012 32.821
1055.324 66.810
1055.636 20.799
1055.948 -2.211
1056.260 70.778
1056.572 40.767
1056.884 8.756
1057.196 15.745
1057.508 17.734
1057.820 -4.276
1058.132 15.713
1058.444 -0.298
1058.756 12.691
1059.068 -12.320
1059.380 13.669
1059.692 19.658
1060.004 -17.354
1060.316 4.635
1060.628 56.624
1060.940 38.613
1061.252 -3.398
1061.564 32.591
1061.876 12.579
1062.188 -57.432
1062.500 -22.443
1062.812 -7.455
1063.124 27.534
1063.436 62.522
1063.748 31.511
1064.060 15.499
1064.372 0.488
1064.684 -27.524
1064.996 27.465
1065.308 59.453
1065.620 9.442
1065.932 3.430
1066.244 27.418
1066.556 10.407
1066.868 33.395
1067.180 31.383
1067.492 34.371
1067.804 35.359
1068.116 11.348
1068.428 3.336
1068.740 50.324
1069.052 42.312
1069.364 46.300
1069.676 -12.712
1069.988 24.276
1070.300 -41.736
1070.612 31.251
1070.924 -30.761
1071.236 66.227
1071.548 53.215
1071.860 26.203
1072.172 45.190
1072.484 10.178
1072.796 19.166
1073.108 3.153
1073.420 -21.859
1073.732 8.128
1074.044 -20.884
1074.356 27.104
1074.668 55.091
1074.980 71.078
1075.292 53.066
1075.604 3.053
1075.916 21.041
1076.228 3.028
1076.540 38.015
1076.852 50.002
1077.164 -10.010
1077.476 14.977
1077.788 47.964
1078.100 80.951
1078.412 61.938
1078.724 8.925
1079.036 35.912
1079.348 19.899
1079.660 -2.114
1079.972 -0.127
1080.284 -20.140
1080.596 -4.153
1080.908 50.833
1081.220 17.820
1081.532 21.807
1081.844 6.794
1082.156 -1.220
1082.468 -43.233
1082.780 6.754
1083.092 26.740
1083.404 -21.273
1083.716 6.713
1084.028 48.700
1084.340 18.686
1084.652 24.673
1084.964 38.659
1085.276 21.645
1085.588 33.632
1085.900 1.618
1086.212 18.604
1086.524 11.590
1086.836 36.576
1087.148 -4.437
1087.460 4.549
1087.772 -2.465
1088.084 26.521
1088.396 1.507
1088.708 12.493
1089.020 5.479
1089.332 22.465
1089.644 -11.550
1089.956 11.436
1090.268 -9.578
1090.580 19.408
1090.892 1.393
1091.204 37.379
1091.516 14.365
1091.828 11.350
1092.140 -16.664
1092.465 34.321
1092.790 65.307
1093.114 39.292
1093.439 18.278
1093.764 29.263
1094.089 17.248
1094.414 15.234
1094.739 42.219
1095.063 20.204
1095.388 20.190
1095.713 -30.825
1096.038 14.160
1096.363 2.145
1096.688 -54.870
1097.012 -2.885
1097.337 25.100
1097.662 -22.915
1097.987 2.070
1098.312 -30.945
1098.637 5.040
1098.961 -3.976
1099.286 33.009
1099.611 50.994
1099.936 48.978
1100.261 14.963
1100.586 26.948
1100.910 12.932
1101.235 -13.083
1101.560 17.901
1101.885 -18.114
1102.210 17.870
1102.535 22.855
1102.859 31.839
1103.184 22.823
1103.509 34.808
1103.834 40.792
1104.159 -26.224
1104.484 -6.240
1104.808 -30.256
1105.133 -32.272
1105.458 24.712
1105.783 33.696
1106.108 -5.320
1106.432 -6.336
1106.757 1.648
1107.082 25.632
1107.407 2.616
1107.732 -36.400
1108.057 -23.417
1108.381 -18.433
1108.706 23.551
1109.031 49.534
1109.356 37.518
1109.681 9.502
1110.006 24.485
1110.330 37.469
1110.655 12.452
1110.980 -13.565
1111.305 34.419
1111.630 30.402
1111.955 19.385
1112.279 6.369
1112.604 -27.648
1112.929 -10.665
1113.254 -2.682
1113.579 -5.699
1113.904 49.284
1114.228 -6.733
1114.553 25.250
1114.878 41.233
1115.203 -22.784
1115.528 19.199
1115.853 -13.818
1116.177 11.165
1116.502 -37.853
1116.827 -34.870
1117.152 -21.887
1117.477 -3.905
1117.802 33.078
1118.126 53.061
1118.451 63.043
1118.776 25.026
1119.101 -16.992
1119.426 -50.010
1119.751 5.973
1120.075 19.955
1120.400 13.937
1120.725 -8.080
1121.050 29.902
1121.375 23.884
1121.699 64.866
1122.024 -16.152
1122.349 -1.170
1122.674 41.812
1122.999 -8.206
1123.324 24.776
1123.648 32.758
1123.973 5.740
1124.298 7.722
1124.623 -10.296
1124.948 27.685
1125.273 21.667
1125.597 17.649
1125.922 -25.370
1126.247 10.612
1126.572 -19.407
1126.897 -53.425
1127.222 -20.444
1127.546 11.538
1127.871 14.519
1128.196 39.501
1128.521 -0.518
1128.846 7.463
1129.171 -4.556
1129.495 -2.574
1129.820 -21.593
1130.145 31.388
1130.470 -55.631
1130.795 48.350
1131.120 6.331
1131.444 44.312
1131.769 -12.707
1132.094 3.274
1132.419 65.255
1132.744 32.236
1133.069 23.216
1133.393 28.197
1133.718 -31.822
1134.043 -11.842
1134.368 44.139
1134.693 8.120
1135.017 18.100
1135.342 29.081
1135.667 27.061
1135.992 -13.958
1136.317 -43.978
1136.642 -0.997
1136.966 -23.017
1137.291 5.963
1137.616 14.943
1137.941 -2.076
1138.266 5.904
1138.591 -20.116
1138.915 28.864
1139.240 -8.156
1139.565 33.824
1139.890 2.804
1140.215 -3.216
1140.540 42.764
1140.864 -8.256
1141.189 9.724
1141.514 14.704
1141.839 16.684
1142.164 -17.337
1142.489 -11.357
1142.813 14.623
1143.138 29.602
1143.463 -10.418
1143.788 21.562
1144.113 -22.459
1144.438 25.521
1144.762 35.500
1145.087 40.480
1145.412 7.459
1145.737 -42.561
1146.062 -43.582
1146.387 5.397
1146.711 -0.624
1147.036 7.356
1147.361 6.335
1147.686 -7.686
1148.011 4.293
1148.335 3.272
1148.660 4.252
1148.985 33.231
1149.310 -30.790
1149.635 12.189
1149.960 -31.832
1150.284 43.146
1150.609 7.125
1150.934 4.104
1151.259 -14.917
1151.584 -21.938
1151.909 9.041
1152.233 8.019
1152.558 11.998
1152.883 17.977
1153.208 59.955
1153.533 4.934
1153.858 13.913
1154.182 -6.109
1154.507 20.870
1154.832 5.848
1155.157 -20.173
1155.482 16.805
1155.807 7.784
1156.131 63.762
1156.456 -6.260
1156.781 34.719
1157.106 59.697
1157.431 4.675
1157.756 -9.347
1158.080 21.632
1158.405 38.610
1158.730 29.588
1159.055 6.566
1159.380 11.544
1159.705 -13.478
1160.029 -21.499
1160.354 11.479
1160.679 -5.543
1161.004 14.435
1161.329 -16.587
1161.653 13.391
1161.978 -6.632
1162.303 -11.654
1162.628 -21.676
1162.953 28.302
1163.278 26.280
1163.602 1.258
1163.927 42.235
1164.252 34.213
1164.577 34.191
1164.902 -39.831
1165.227 7.146
1165.551 -16.876
1165.876 37.102
1166.201 43.079
1166.526 4.057
1166.851 24.035
1167.176 -31.988
1167.500 -10.010
1167.825 37.967
1168.150 24.945
1168.475 -18.078
1168.800 36.900
1169.125 6.877
1169.449 8.855
1169.774 9.832
1170.099 42.810
1170.424 -14.213
1170.749 -40.235
1171.074 -18.258
1171.398 58.719
1171.723 25.697
1172.048 34.674
1172.373 22.651
1172.698 59.629
1173.023 24.606
1173.347 -23.417
1173.672 36.561
1173.997 25.538
1174.322 14.515
1174.647 -7.508
1174.972 46.470
1175.296 11.447
1175.621 52.424
1175.946 11.401
1176.271 35.378
1176.596 6.356
1176.920 43.333
1177.245 9.310
1177.570 40.287
1177.895 42.264
1178.220 39.242
1178.545 7.219
1178.869 -20.804
1179.194 7.173
1179.519 4.150
1179.844 40.127
1180.169 -20.896
1180.494 -0.918
1180.818 55.059
1181.143 14.036
1181.468 -16.987
1181.793 4.990
1182.118 38.967
1182.443 -21.056
1182.767 8.922
1183.092 5.899
1183.417 18.876
1183.742 11.853
1184.067 17.830
1184.392 -7.193
1184.716 17.784
1185.041 65.762
1185.366 -6.261
1185.691 21.716
1186.016 38.693
1186.341 -16.330
1186.665 -0.353
1186.990 5.625
1187.315 66.602
1187.640 8.579
1187.965 21.556
1188.290 -9.466
1188.614 -25.489
1188.939 10.488
1189.264 18.465
1189.589 27.443
1189.914 -7.580
1190.238 -12.603
1190.563 36.375
1190.888 18.352
1191.213 -3.671
1191.538 -9.693
1191.863 12.284
1192.187 -7.738
1192.512 -7.761
1192.837 -9.784
1193.162 -9.806
1193.487 -8.829
1193.812 15.149
1194.136 17.126
1194.461 1.104
1194.786 44.082
1195.111 29.059
1195.436 14.037
1195.761 19.014
1196.085 -14.008
1196.410 -14.030
1196.735 5.947
1197.060 25.925
1197.385 43.903
1197.710 26.881
1198.034 18.859
1198.359 -20.164
1198.684 -26.186
1199.009 10.792
1199.334 6.770
1199.659 -30.252
1199.983 16.726
1200.308 -1.296
1200.633 -32.318
1200.958 -30.339
1201.283 -29.361
1201.608 -12.383
1201.932 -31.405
1202.257 9.573
1202.582 1.552
1202.907 -28.470
1203.232 22.509
1203.556 0.487
1203.881 -3.535
1204.206 4.444
1204.531 13.423
1204.856 -4.599
1205.181 26.380
1205.505 -36.642
1205.830 -7.663
1206.155 -0.684
1206.480 47.295
1206.805 67.274
1207.130 25.253
1207.454 8.232
1207.779 5.211
1208.104 1.190
1208.429 31.169
1208.754 -3.852
1209.079 -23.873
1209.403 -11.893
1209.728 30.086
1210.053 12.065
1210.378 16.045
1210.703 -9.976
1211.028 49.004
1211.352 0.984
1211.677 -47.037
1212.002 -3.057
1212.327 -26.077
1212.652 -11.097
1212.977 4.883
1213.301 7.863
1213.626 -6.157
1213.951 4.823
1214.276 -27.197
1214.601 4.784
1214.926 -15.236
1215.250 -33.256
1215.575 8.725
1215.900 29.705
1216.225 55.686
1216.550 19.667
1216.875 20.647
1217.199 -26.372
1217.524 -27.391
1217.849 -52.410
1218.174 -12.429
1218.499 -13.448
1218.823 -42.466
1219.148 -36.485
1219.473 46.496
1219.798 -10.522
1220.123 27.459
1220.448 -8.559
1220.772 3.423
1221.097 -22.596
1221.422 -15.614
1221.747 -31.632
1222.072 -33.650
1222.397 -7.668
1222.721 -24.685
1223.046 43.297
1223.371 59.279
1223.696 39.262
