165.214 -75.588
165.472 -43.587
165.730 -32.587
165.987 -20.587
166.245 -50.587
166.503 -64.587
166.761 -3.586
167.019 -37.586
167.277 1.414
167.534 -39.586
167.792 -3.586
168.050 -25.585
168.308 -5.585
168.566 -67.585
168.824 -51.585
169.081 -28.584
169.339 -56.584
169.597 -1.584
169.855 -25.584
170.113 -42.584
170.371 -30.583
170.628 -20.583
170.886 -25.583
171.144 -58.583
171.402 23.417
171.660 -41.582
171.917 -50.582
172.175 -37.582
172.433 -26.582
172.691 -16.581
172.949 -13.581
173.207 -40.581
173.464 -3.581
173.722 -6.581
173.980 -32.580
174.238 -47.580
174.496 -18.580
174.754 3.420
175.011 -30.579
175.269 -17.579
175.527 -27.579
175.785 -4.579
176.043 -37.579
176.301 -49.578
176.558 -64.578
176.816 -34.578
177.074 -12.578
177.332 -71.577
177.590 25.423
177.848 20.423
178.105 -41.577
178.363 -50.577
178.621 -14.576
178.879 -10.576
179.137 -25.576
179.395 -30.576
179.652 -20.575
179.910 48.425
180.168 -68.575
180.426 -22.575
180.684 -19.575
180.942 -23.574
181.199 -30.574
181.457 -54.574
181.715 -54.574
181.973 8.427
182.231 -28.573
182.489 18.427
182.746 -4.573
183.004 -39.572
183.262 -34.572
183.520 -19.572
183.778 -46.572
184.036 -66.572
184.293 -1.571
184.551 -4.571
184.809 -14.571
185.067 -12.571
185.325 -30.570
185.583 3.430
185.840 -16.570
186.098 -58.570
186.356 -50.570
186.614 -53.569
186.872 -53.569
187.130 -27.569
187.387 -36.569
187.645 -50.568
187.903 -32.568
188.161 -49.568
188.419 -37.568
188.677 -40.567
188.934 -20.567
189.192 -51.567
189.450 -5.567
189.708 7.433
189.966 14.434
190.224 -11.566
190.481 -59.566
190.739 14.434
190.997 -7.565
191.255 7.435
191.513 -42.565
191.771 -49.565
192.028 -15.564
192.286 -37.564
192.544 -63.564
192.802 -20.564
193.060 -46.564
193.317 -41.563
193.575 -16.563
193.833 -80.563
194.091 -18.563
194.349 -38.562
194.607 11.438
194.864 26.438
195.122 -7.562
195.380 -52.561
195.638 -12.561
195.896 -25.561
196.154 -17.561
196.411 13.440
196.669 -33.560
196.927 -64.560
197.185 -23.560
197.443 -67.560
197.701 30.441
197.958 -3.559
198.216 2.441
198.474 -45.559
198.732 -70.558
198.990 -24.558
199.248 -75.558
199.505 -72.558
199.763 -69.557
200.021 -41.557
200.279 -41.557
200.537 -6.557
200.795 14.444
201.052 7.444
201.310 -46.556
201.568 -7.556
201.826 -39.555
202.084 -63.555
202.342 -30.555
202.599 -18.555
202.857 25.446
203.115 -23.554
203.373 6.446
203.631 -34.554
203.889 -44.554
204.146 -82.553
204.404 -74.553
204.662 22.447
204.920 10.447
205.178 31.448
205.436 20.448
205.693 -18.552
205.951 -14.552
206.209 7.449
206.467 -22.551
206.725 -47.551
206.983 -32.551
207.240 0.450
207.498 -12.550
207.756 -18.550
208.014 -24.550
208.272 -50.549
208.530 -6.549
208.787 -61.549
209.045 -15.549
209.303 -54.548
209.561 -2.548
209.819 0.452
210.077 -73.548
210.334 -17.547
210.592 -30.547
210.850 -33.547
211.108 -20.547
211.366 -28.546
211.624 -52.546
211.881 17.454
212.139 -15.546
212.397 -0.545
212.655 -21.545
212.913 -25.545
213.170 -63.545
213.428 -12.544
213.686 -27.544
213.944 -10.544
214.202 -62.544
214.460 -69.543
214.717 -100.543
214.975 -31.543
215.233 -49.543
215.491 -58.542
215.749 -15.542
216.007 -47.542
216.264 -32.542
216.522 -32.541
216.780 11.459
217.038 10.459
217.296 -42.541
217.554 -62.540
217.811 -34.540
218.069 -36.540
218.327 -45.540
218.585 -19.539
218.843 -66.539
219.101 -56.539
219.358 -22.539
219.616 -52.538
219.874 -38.538
220.132 0.462
220.390 17.462
220.648 -5.537
220.905 -46.537
221.163 -41.537
221.421 0.463
221.679 -19.536
221.937 2.464
222.195 -44.536
222.452 -12.536
222.710 -6.535
222.968 -6.535
223.226 -46.535
223.484 -38.535
223.742 -49.534
223.999 -38.534
224.257 -21.534
224.515 20.466
224.773 -26.533
225.031 7.467
225.289 -17.533
225.546 -35.532
225.804 -31.532
226.062 -13.532
226.320 13.468
226.578 -45.531
226.836 -4.531
227.093 -34.531
227.351 -0.531
227.609 -24.530
227.867 2.470
228.125 2.470
228.383 -70.530
228.640 -23.529
228.898 -69.529
229.156 -29.529
229.414 -17.529
229.672 -6.528
229.930 -49.528
230.187 14.472
230.445 -28.528
230.703 -39.527
230.961 19.473
231.219 11.473
231.477 -87.526
231.734 -31.526
231.992 -64.526
232.250 3.474
232.508 29.475
232.766 0.475
233.024 -15.525
233.281 30.475
233.539 -6.524
233.797 -28.524
234.055 -19.524
234.313 -87.524
234.570 -55.523
234.828 -16.523
235.086 13.477
235.344 8.478
235.602 -39.522
235.860 -31.522
236.117 -27.522
236.375 -52.521
236.633 20.479
236.891 -34.521
237.149 -30.521
237.407 -56.520
237.664 0.480
237.922 4.480
238.180 -19.520
238.438 -34.519
238.696 -59.519
238.954 -40.519
239.211 -33.518
239.469 -21.518
239.727 -17.518
239.985 2.482
240.243 -20.517
240.501 -20.517
240.758 -38.517
241.016 -25.517
241.274 3.484
241.532 -50.516
241.790 -62.516
242.048 -40.515
242.305 -59.515
242.563 -48.515
242.821 -0.515
243.079 2.486
243.337 -37.514
243.595 -17.514
243.852 -27.514
244.110 -16.513
244.368 -61.513
244.626 1.487
244.884 -41.512
245.142 -27.512
245.399 -28.512
245.657 -56.512
245.915 -62.511
246.173 3.489
246.431 -1.511
246.689 -16.511
246.946 -53.510
247.204 -25.510
247.462 -24.510
247.720 17.491
247.978 7.491
248.236 -19.509
248.493 -26.509
248.751 27.492
249.009 -20.508
249.267 -107.508
249.525 -49.507
249.783 -25.507
250.040 1.493
250.298 -49.507
250.556 -43.506
250.814 2.494
251.072 -42.506
251.330 -47.505
251.587 -36.505
251.845 -42.505
252.103 -17.505
252.361 -27.504
252.619 -40.504
252.877 -14.504
253.134 -0.503
253.392 -74.503
253.650 -65.503
253.910 4.497
254.170 13.498
254.430 13.498
254.690 -35.502
254.950 -24.502
255.209 -36.501
255.469 10.499
255.729 7.499
255.989 -54.500
256.249 -20.500
256.509 -24.500
256.769 -43.500
257.029 -36.499
257.289 -36.499
257.549 -20.499
257.809 -32.498
258.069 -7.498
258.328 26.502
258.588 -20.497
258.848 -30.497
259.108 1.503
259.368 -47.497
259.628 -40.496
259.888 -37.496
260.148 2.504
260.408 -4.495
260.668 22.505
260.928 -34.495
261.187 -22.495
261.447 -47.494
261.707 -36.494
261.967 -106.494
262.227 -44.493
262.487 -24.493
262.747 -23.493
263.007 -15.493
263.267 -18.492
263.527 -8.492
263.787 -67.492
264.047 -87.491
264.306 -2.491
264.566 -5.491
264.826 -10.490
265.086 -19.490
265.346 13.510
265.606 -34.490
265.866 -75.489
266.126 -66.489
266.386 -34.489
266.646 -18.488
266.906 -9.488
267.165 -39.488
267.425 -46.488
267.685 -38.487
267.945 -49.487
268.205 -59.487
268.465 -49.486
268.725 -32.486
268.985 -16.486
269.245 -14.485
269.505 -15.485
269.765 -33.485
270.024 -20.485
270.284 -1.484
270.544 22.516
270.804 6.516
271.064 -26.483
271.324 -52.483
271.584 -58.483
271.844 -23.482
272.104 -68.482
272.364 -1.482
272.624 -16.482
272.884 -1.481
273.143 11.519
273.403 -11.481
273.663 -39.480
273.923 2.520
274.183 -50.480
274.443 -50.479
274.703 -42.479
274.963 -3.479
275.223 11.521
275.483 -63.478
275.743 13.522
276.002 33.522
276.262 -38.477
276.522 -17.477
276.782 -18.477
277.042 -17.476
277.302 -24.476
277.562 -42.476
277.822 -18.475
278.082 -49.475
278.342 -34.475
278.602 -1.475
278.862 -28.474
279.121 -37.474
279.381 -62.474
279.641 -26.473
279.901 -2.473
280.161 -12.473
280.421 -31.472
280.681 -63.472
280.941 -51.472
281.201 -65.471
281.461 -18.471
281.721 -5.471
281.980 -8.470
282.240 -20.470
282.500 -8.470
282.760 -54.470
283.020 -38.469
283.280 -4.469
283.540 -59.469
283.800 -41.468
284.060 -46.468
284.320 -58.468
284.580 -47.467
284.840 -34.467
285.099 -10.467
285.359 -52.466
285.619 -17.466
285.879 -10.466
286.139 -9.465
286.399 -22.465
286.659 -52.465
286.919 -46.465
287.179 -8.464
287.439 -60.464
287.699 1.536
287.958 20.537
288.218 -1.463
288.478 1.537
288.738 5.538
288.998 -74.462
289.258 -66.462
289.518 -32.461
289.778 -3.461
290.038 16.539
290.298 -7.460
290.558 -41.460
290.818 -3.460
291.077 -49.459
291.337 3.541
291.597 -20.459
291.857 -57.458
292.117 -61.458
292.377 -59.458
292.637 -43.457
292.897 -17.457
293.157 -33.457
293.417 17.544
293.677 -3.456
293.936 -2.456
294.196 -48.456
294.456 -10.455
294.716 -19.455
294.976 -25.455
295.236 2.546
295.496 -12.454
295.756 -15.454
296.016 22.547
296.276 0.547
296.536 -84.453
296.796 -41.452
297.055 -38.452
297.315 -39.452
297.575 20.549
297.835 -47.451
298.095 -20.451
298.355 -16.450
298.615 -22.450
298.875 -8.450
299.135 -52.449
299.395 -57.449
299.655 8.551
299.914 -9.448
300.174 10.552
300.434 -15.448
300.694 33.553
300.954 3.553
301.214 -12.447
301.474 -56.446
301.734 -74.446
301.994 -12.446
302.254 15.555
302.514 -7.445
302.773 -24.445
303.033 -84.444
303.293 11.556
303.553 -24.444
303.813 -15.443
304.073 -40.443
304.333 -18.443
304.593 -26.442
304.853 -12.442
305.113 9.558
305.373 -30.441
305.633 -8.441
305.892 -14.441
306.152 18.560
306.412 -45.440
306.672 -102.440
306.932 -65.439
307.192 -18.439
307.452 0.561
307.712 -42.438
307.972 -35.438
308.232 13.562
308.492 -8.437
308.751 11.563
309.011 10.564
309.271 -41.436
309.531 -34.436
309.791 -29.435
310.051 -62.435
310.311 -36.435
310.571 8.566
310.831 -42.434
311.091 26.566
311.351 -42.433
311.611 6.567
311.870 -30.433
312.130 -34.432
312.390 8.568
312.650 -21.432
312.910 -3.431
313.170 -10.431
313.434 -17.431
313.698 -40.430
313.963 -6.430
314.227 -3.430
314.491 -33.429
314.755 23.571
315.019 -28.429
315.284 -25.428
315.548 -30.428
315.812 -11.427
316.076 -8.427
316.340 -8.427
316.604 -1.426
316.869 -52.426
317.133 36.574
317.397 -56.425
317.661 -18.425
317.925 -1.425
318.190 5.576
318.454 47.576
318.718 -58.424
318.982 -22.423
319.246 -5.423
319.511 -15.423
319.775 -39.422
320.039 -2.422
320.303 -68.421
320.567 -43.421
320.832 -0.421
321.096 40.580
321.360 -29.420
321.624 -16.420
321.888 -62.419
322.153 -54.419
322.417 -22.419
322.681 -46.418
322.945 17.582
323.209 -38.418
323.473 -38.417
323.738 -14.417
324.002 23.584
324.266 0.584
324.530 -27.416
324.794 -54.415
325.059 -70.415
325.323 -42.415
325.587 38.586
325.851 -19.414
326.115 10.586
326.380 -0.413
326.644 -33.413
326.908 -34.412
327.172 -12.412
327.436 -22.412
327.701 -76.411
327.965 -17.411
328.229 -14.411
328.493 -4.410
328.757 -36.410
329.022 -22.410
329.286 -39.409
329.550 -3.409
329.814 -33.408
330.078 -65.408
330.342 -57.408
330.607 5.593
330.871 0.593
331.135 1.593
331.399 9.594
331.663 -11.406
331.928 -26.406
332.192 -38.405
332.456 -16.405
332.720 -37.404
332.984 -17.404
333.249 -33.404
333.513 -33.403
333.777 -17.403
334.041 -43.403
334.305 -16.402
334.570 -6.402
334.834 -18.401
335.098 -44.401
335.362 9.599
335.626 -48.400
335.891 -23.400
336.155 -47.400
336.419 -50.399
336.683 -61.399
336.947 -43.398
337.211 -33.398
337.476 -60.398
337.740 -90.397
338.004 -34.397
338.268 -42.397
338.532 -1.396
338.797 4.604
339.061 -33.395
339.325 -32.395
339.589 -14.395
339.853 -40.394
340.118 -26.394
340.382 -27.393
340.646 -61.393
340.910 -14.393
341.174 -16.392
341.439 -21.392
341.703 -10.392
341.967 -22.391
342.231 -18.391
342.495 1.610
342.759 20.610
343.024 15.610
343.288 -52.389
343.552 -37.389
343.816 8.612
344.080 -38.388
344.345 -23.388
344.609 14.613
344.873 -61.387
345.137 6.613
345.401 -14.386
345.666 -27.386
345.930 -24.385
346.194 -3.385
346.458 -3.385
346.722 20.616
346.987 -13.384
347.251 -58.383
347.515 -56.383
347.779 -42.383
348.043 -18.382
348.308 -42.382
348.572 -17.381
348.836 -32.381
349.100 -33.381
349.364 -60.380
349.628 -46.380
349.893 -4.379
350.157 -81.379
350.421 -65.379
350.685 -11.378
350.949 -30.378
351.214 -41.378
351.478 -33.377
351.742 -8.377
352.006 -48.376
352.270 -36.376
352.535 -21.376
352.799 -9.375
353.063 -71.375
353.327 -25.374
353.591 -22.374
353.856 -8.374
354.120 -15.373
354.384 1.627
354.648 3.628
354.912 -46.372
355.177 -2.372
355.441 -6.371
355.705 -46.371
355.969 -56.370
356.233 -1.370
356.497 21.631
356.762 -26.369
357.026 0.631
357.290 -31.368
357.554 -6.368
357.818 -6.367
358.083 -25.367
358.347 -42.367
358.611 -0.366
358.875 -25.366
359.139 -69.365
359.404 -2.365
359.668 25.635
359.932 28.636
360.196 -18.364
360.460 40.637
360.725 -20.363
360.989 -9.363
361.253 30.638
361.517 -9.362
361.781 19.639
362.046 30.639
362.310 12.640
362.574 -10.360
362.838 -40.360
363.102 21.641
363.366 -36.359
363.631 -84.358
363.895 -51.358
364.159 6.642
364.423 -36.357
364.687 49.643
364.952 -9.356
365.216 -4.356
365.480 -86.356
365.747 0.645
366.013 -33.355
366.280 -24.354
366.546 -85.354
366.813 -9.353
367.079 -20.353
367.346 -5.353
367.612 -20.352
367.879 -8.352
368.145 -15.351
368.412 -35.351
368.678 -6.350
368.945 -51.350
369.211 -53.350
369.478 -10.349
369.744 -33.349
370.011 -67.348
370.278 -46.348
370.544 -63.347
370.811 -52.347
371.077 -2.347
371.344 -84.346
371.610 -86.346
371.877 -47.345
372.143 -15.345
372.410 -68.345
372.676 3.656
372.943 -9.344
373.209 -42.343
373.476 -49.343
373.742 11.658
374.009 -67.342
374.276 -39.341
374.542 9.659
374.809 2.659
375.075 -20.340
375.342 -28.340
375.608 -50.339
375.875 -26.339
376.141 -18.338
376.408 -62.338
376.674 -31.338
376.941 30.663
377.207 -28.337
377.474 -51.336
377.740 -13.336
378.007 -40.335
378.273 -30.335
378.540 3.665
378.807 -21.334
379.073 -17.334
379.340 -19.333
379.606 12.667
379.873 -71.332
380.139 -14.332
380.406 4.669
380.672 21.669
380.939 -24.331
381.205 -10.330
381.472 -43.330
381.738 -23.329
382.005 -62.329
382.271 27.672
382.538 4.672
382.804 -41.327
383.071 -18.327
383.338 -33.327
383.604 -34.326
383.871 -28.326
384.137 -42.325
384.404 -27.325
384.670 12.676
384.937 6.676
385.203 33.677
385.470 -10.323
385.736 -19.323
386.003 -12.322
386.269 -62.322
386.536 -87.321
386.802 -9.321
387.069 -68.320
387.336 -17.320
387.602 13.681
387.869 49.681
388.135 -43.318
388.402 2.682
388.668 -25.318
388.935 30.683
389.201 -4.317
389.468 -2.316
389.734 -27.316
390.001 -1.315
390.267 -16.315
390.534 13.686
390.800 22.686
391.067 18.687
391.333 0.687
391.600 -50.313
391.867 -41.312
392.133 -54.312
392.400 -19.311
392.666 -22.311
392.933 -13.310
393.199 -7.310
393.466 -4.309
393.732 -30.309
393.999 -54.308
394.265 -28.308
394.532 -62.307
394.798 -37.307
395.065 -36.306
395.331 -67.306
395.598 -96.306
395.864 -2.305
396.131 38.695
396.398 -28.304
396.664 -41.304
396.931 -24.303
397.197 -55.303
397.464 -13.302
397.730 -17.302
397.997 -3.301
398.263 -27.301
398.530 11.700
398.796 11.700
399.063 -32.299
399.329 -38.299
399.596 -22.299
399.862 -52.298
400.129 -39.298
400.396 3.703
400.662 -27.297
400.929 22.704
401.195 17.704
401.462 -24.295
401.728 -47.295
401.995 -52.294
402.261 -39.294
402.528 -14.293
402.794 -32.293
403.061 -42.292
403.327 -31.292
403.594 -6.291
403.860 -4.291
404.127 -10.290
404.393 -61.290
404.660 -42.289
404.934 -25.289
405.207 -63.288
405.481 -58.288
405.754 2.713
406.028 -2.287
406.301 -26.286
406.575 -13.286
406.848 23.714
407.122 -71.285
407.395 -36.285
407.669 -16.284
407.942 -70.284
408.216 32.717
408.489 11.717
408.763 -13.282
409.036 -8.282
409.310 -16.281
409.583 -36.281
409.857 13.720
410.130 -36.280
410.404 -23.279
410.677 -35.279
410.951 -21.278
411.224 -56.278
411.498 -41.277
411.771 -9.277
412.045 8.724
412.318 30.724
412.592 -25.275
412.865 -52.275
413.139 -3.274
413.412 -54.274
413.686 -39.273
413.959 17.727
414.233 -21.272
414.506 -30.272
414.780 -56.271
415.053 -78.271
415.327 -60.270
415.600 -47.270
415.874 -29.269
416.147 5.731
416.421 -52.268
416.694 -11.268
416.968 36.733
417.241 5.733
417.515 -11.266
417.788 -23.266
418.062 -96.265
418.335 -20.265
418.609 5.736
418.882 9.736
419.156 -8.263
419.429 5.737
419.703 5.738
419.976 -13.262
420.250 -45.261
420.524 -17.261
420.797 -1.260
421.071 -42.260
421.344 -60.259
421.618 -19.258
421.891 -33.258
422.165 -33.257
422.438 15.743
422.712 1.744
422.985 -15.256
423.259 -24.255
423.532 -11.255
423.806 -1.254
424.079 -17.254
424.353 -14.253
424.626 -14.253
424.900 -15.252
425.173 -26.252
425.447 1.749
425.720 -5.251
425.994 -30.250
426.267 -69.250
426.541 -34.249
426.814 6.751
427.088 -6.248
427.361 -18.248
427.635 1.753
427.908 18.754
428.182 30.754
428.455 -37.245
428.729 -50.245
429.002 -77.244
429.276 -44.244
429.549 1.757
429.823 0.757
430.096 -28.242
430.370 -20.242
430.643 -14.241
430.917 -12.241
431.190 6.760
431.464 -10.240
431.737 17.761
432.011 -44.239
432.284 -12.238
432.558 -17.237
432.831 26.763
433.105 -35.236
433.378 -57.236
433.652 -42.235
433.925 -37.235
434.199 -38.234
434.472 -4.234
434.746 -26.233
435.019 -17.233
435.293 -6.232
435.566 -0.231
435.840 -31.231
436.118 -42.230
436.395 -37.230
436.673 -22.229
436.951 -41.229
437.228 -62.228
437.506 -58.228
437.784 -43.227
438.061 -50.227
438.339 -12.226
438.617 12.775
438.894 18.775
439.172 30.776
439.450 -43.224
439.727 -23.223
440.005 -32.223
440.283 -18.222
440.560 -42.222
440.838 -43.221
441.115 -19.221
441.393 -12.220
441.671 -5.219
441.948 -24.219
442.226 -54.218
442.504 -39.218
442.781 -58.217
443.059 -34.217
443.337 -29.216
443.614 -8.216
443.892 -37.215
444.170 -36.214
444.447 -41.214
444.725 38.787
445.003 -32.213
445.280 -37.212
445.558 -25.212
445.836 -36.211
446.113 -24.210
446.391 -7.354
446.669 -38.354
446.946 15.645
447.224 54.645
447.502 52.487
447.779 18.570
448.057 56.362
448.335 -24.211
448.612 -13.263
448.890 47.265
449.168 -19.184
449.445 4.602
449.723 23.409
450.001 16.478
450.278 -51.839
450.556 -19.166
450.834 18.457
451.111 12.516
451.389 11.526
451.666 9.545
451.944 28.385
452.222 55.144
452.499 7.572
452.777 20.476
453.055 -41.073
453.332 21.510
453.610 79.243
453.888 75.338
454.165 -22.295
454.443 44.549
454.721 13.624
454.998 15.638
455.276 -9.381
455.554 -16.428
455.831 21.746
456.109 8.689
456.387 -20.528
456.664 -20.549
456.942 12.777
457.220 5.704
457.497 75.695
457.775 55.467
458.053 26.078
458.330 17.958
458.608 -59.496
458.886 10.862
459.163 5.761
459.441 3.719
459.719 14.993
459.996 -41.445
460.274 -3.461
460.552 -44.617
460.829 -45.693
461.107 17.146
461.384 4.780
461.662 -36.538
461.940 -23.132
462.217 -37.649
462.495 2.726
462.773 11.016
463.050 12.064
463.328 -7.653
463.606 0.654
463.883 11.049
464.161 5.851
464.439 20.404
464.716 -8.711
464.994 0.654
465.272 -18.077
465.549 10.018
465.827 37.073
466.105 41.235
466.382 -6.632
466.660 15.220
466.938 -15.998
467.215 16.243
467.493 47.428
467.771 28.717
468.048 30.763
468.326 44.217
468.604 31.768
468.881 14.118
469.159 29.632
469.437 30.635
469.714 5.815
469.992 7.867
470.270 -21.007
470.547 20.209
470.825 18.130
471.102 -5.527
471.380 13.985
471.658 51.920
471.935 -41.372
472.213 15.989
472.491 23.106
472.768 -33.040
473.046 15.923
473.324 -29.919
473.601 -3.439
473.879 -8.517
474.157 -30.844
474.434 2.656
474.712 22.916
474.990 6.699
475.267 -5.447
475.545 -25.665
475.823 -3.417
476.100 -12.495
476.378 20.804
476.656 7.678
476.933 -35.669
477.211 -19.540
477.489 -10.458
477.766 -23.550
478.044 -26.544
478.322 23.757
478.599 31.805
478.877 -19.503
479.155 26.775
479.432 -37.612
479.710 -22.522
479.988 -8.438
480.265 28.785
480.543 -6.433
480.820 -14.489
481.098 29.821
481.376 -10.472
481.653 -10.473
481.931 17.753
482.209 40.980
482.486 19.788
482.764 -17.566
483.042 -1.406
483.319 -8.484
483.597 -15.578
483.875 45.151
484.152 -23.699
484.430 -1.410
484.708 36.077
484.985 -38.937
485.263 -10.551
485.541 -10.551
485.818 43.256
486.096 -62.392
486.374 -6.498
486.651 7.730
486.929 -26.851
487.207 -22.782
487.484 40.290
487.762 75.895
488.040 21.978
488.317 37.275
488.595 2.652
488.873 11.816
489.150 -59.467
489.428 0.614
489.706 17.925
489.983 10.797
490.261 52.548
490.539 69.859
490.816 54.584
491.094 -2.440
491.371 -4.475
491.649 -34.994
491.927 13.821
492.204 -10.569
492.482 28.020
492.760 24.974
493.037 4.664
493.315 24.923
493.593 -0.407
493.870 15.788
494.148 -11.529
494.426 -22.652
494.703 8.684
494.981 -26.643
495.259 35.884
495.536 8.657
495.814 36.817
496.092 40.800
496.369 10.638
496.647 13.636
496.925 8.612
497.202 -14.420
497.480 -2.406
497.758 30.533
498.035 45.457
498.313 8.559
498.591 31.436
498.868 42.296
499.146 74.992
499.424 -15.271
499.701 17.417
499.979 14.418
500.257 31.186
500.534 31.124
500.812 42.904
501.089 24.179
501.367 -1.384
501.645 -9.226
501.922 4.490
502.200 5.458
502.478 19.092
502.755 42.442
503.033 10.279
503.311 -0.400
503.588 5.403
503.866 34.350
504.144 11.162
504.421 -8.082
504.699 -9.026
504.977 -6.132
505.254 68.307
505.532 11.023
505.810 27.120
506.087 40.326
506.365 26.047
506.643 71.171
506.920 56.886
507.198 9.909
507.476 -2.257
507.753 -36.736
508.031 15.411
508.309 -5.948
508.586 -18.871
508.864 -24.349
509.142 20.754
509.419 47.278
509.697 17.914
509.975 12.390
510.252 3.260
510.530 43.214
510.808 2.338
511.085 3.238
511.363 15.879
511.640 51.919
511.918 6.820
512.196 35.591
512.473 13.995
512.751 14.880
513.029 6.795
513.306 4.104
513.584 7.684
513.862 1.411
514.139 56.121
514.417 33.699
514.695 39.080
514.972 12.185
515.250 11.297
515.528 35.619
515.805 -3.988
516.083 33.910
516.361 -6.710
516.638 -55.591
516.916 44.942
517.194 60.409
517.471 25.064
517.749 23.288
518.027 43.403
518.304 -4.964
518.582 15.173
518.860 21.623
519.137 44.599
519.415 -10.517
519.693 38.312
519.970 3.294
520.248 39.341
520.526 24.599
520.803 28.329
521.081 -26.401
521.358 14.467
521.636 18.201
521.914 45.261
522.191 21.982
522.469 29.472
522.747 -4.145
523.024 43.558
523.302 18.318
523.580 32.393
523.857 9.900
524.135 -8.853
524.413 1.467
524.690 8.978
524.968 12.734
525.246 19.324
525.523 16.505
525.801 58.797
526.079 59.793
526.356 12.756
526.634 -33.340
526.912 0.526
527.189 33.451
527.467 4.288
527.745 35.332
528.022 10.873
528.300 27.806
528.578 46.620
528.855 16.516
529.133 -14.528
529.411 -20.173
529.688 -17.351
529.966 -47.455
530.244 -8.894
530.521 11.822
530.799 -14.544
531.077 6.177
531.354 12.774
531.632 35.427
531.909 46.792
532.187 40.220
532.465 -7.992
532.742 40.295
533.020 27.063
533.298 24.265
533.575 -6.136
533.853 -3.286
534.131 25.334
534.408 55.019
534.686 -37.788
534.964 13.003
535.241 16.873
535.519 28.466
535.797 66.230
536.074 90.559
536.352 36.418
536.630 -0.441
536.907 -14.074
537.185 -7.272
537.463 -9.242
537.740 25.020
538.018 11.329
538.296 28.067
538.573 9.394
538.851 60.694
539.129 71.612
539.406 -16.262
539.684 51.971
539.962 42.121
540.239 36.216
540.517 13.434
540.795 2.523
541.072 6.495
541.350 12.453
541.627 29.335
541.905 7.495
542.183 25.387
542.460 12.464
542.738 86.930
543.016 58.131
543.293 -0.459
543.571 40.255
543.849 84.858
544.126 78.905
544.404 62.040
544.682 54.103
544.959 68.984
545.237 75.928
545.515 65.015
545.792 28.280
546.070 20.351
546.353 42.154
546.637 38.189
546.920 60.052
547.204 62.036
547.487 46.163
547.770 81.877
548.054 50.180
548.337 91.888
548.621 73.019
548.904 45.258
549.187 34.324
549.471 52.268
549.754 32.367
550.038 74.232
550.321 25.452
550.604 31.465
550.888 49.428
551.171 40.486
551.455 41.527
551.738 36.563
552.021 35.561
552.305 111.749
552.588 75.752
552.871 68.800
553.155 87.964
553.438 78.998
553.722 63.971
554.005 75.124
554.288 57.036
554.572 91.437
554.855 103.662
555.139 71.378
555.422 118.056
555.705 53.266
555.989 89.868
556.272 46.260
556.556 117.517
556.839 64.683
557.122 97.269
557.406 115.717
557.689 121.957
557.973 121.060
558.256 104.823
558.539 77.215
558.823 109.024
559.106 126.553
559.390 191.102
559.673 124.631
559.956 98.989
560.240 80.610
560.523 122.704
560.807 152.635
561.090 127.968
561.373 111.524
561.657 112.551
561.940 96.107
562.223 144.410
562.507 121.800
562.790 130.021
563.074 100.216
563.357 145.436
563.640 149.547
563.924 166.847
564.207 207.914
564.491 127.832
564.774 173.854
565.057 220.007
565.341 179.823
565.624 177.773
565.908 237.199
566.191 192.943
566.474 156.095
566.758 191.723
567.041 198.880
567.325 154.754
567.608 136.367
567.891 139.289
568.175 195.411
568.458 185.018
568.742 220.695
569.025 237.781
569.308 258.148
569.592 286.369
569.875 243.642
570.159 220.020
570.442 308.121
570.725 223.857
571.009 245.942
571.292 268.254
571.576 297.363
571.859 257.588
572.142 304.146
572.426 287.661
572.709 296.460
572.992 261.106
573.276 313.315
573.559 379.531
573.843 289.813
574.126 325.774
574.409 312.367
574.693 331.482
574.976 326.123
575.260 351.900
575.543 403.104
575.826 357.564
576.110 361.213
576.393 355.846
576.677 399.890
576.960 449.489
577.249 394.489
577.538 407.081
577.827 452.583
578.115 420.227
578.404 414.244
578.693 453.672
578.982 416.404
579.271 425.359
579.560 434.876
579.848 466.685
580.137 505.452
580.426 515.873
580.715 539.706
581.004 527.789
581.293 551.074
581.581 552.066
581.870 560.994
582.159 596.708
582.448 653.255
582.737 606.628
583.026 611.587
583.314 635.396
583.603 689.960
583.892 684.999
584.181 652.260
584.470 669.789
584.759 702.559
585.048 738.049
585.336 780.792
585.625 779.578
585.914 849.079
586.203 810.234
586.492 826.994
586.781 803.065
587.069 855.762
587.358 862.611
587.647 867.605
587.936 978.472
588.225 988.472
588.514 1012.484
588.802 967.406
589.091 964.399
589.380 998.465
589.669 1091.929
589.958 1042.726
590.247 1122.325
590.536 1120.432
590.824 1191.188
591.113 1185.321
591.402 1145.209
591.691 1215.265
591.980 1255.036
592.269 1254.280
592.557 1278.928
592.846 1321.937
593.135 1300.880
593.424 1379.291
593.713 1418.413
594.002 1477.536
594.290 1482.632
594.579 1497.410
594.868 1513.736
595.157 1525.980
595.446 1608.633
595.735 1667.816
596.023 1710.968
596.312 1682.425
596.601 1845.681
596.890 1877.373
597.179 1994.367
597.468 1955.794
597.757 2009.581
598.045 2015.644
598.334 2009.551
598.623 2072.104
598.912 2154.536
599.201 2248.698
599.490 2301.358
599.778 2308.069
600.067 2329.453
600.356 2438.575
600.645 2490.490
600.934 2504.425
601.223 2617.131
601.511 2698.167
601.800 2656.881
602.089 2786.794
602.378 2769.446
602.667 2865.334
602.956 2948.224
603.244 3035.873
603.533 3098.768
603.822 2967.040
604.111 3167.432
604.400 3317.414
604.689 3411.624
604.978 3399.455
605.266 3559.259
605.555 3624.944
605.844 3663.509
606.133 3797.691
606.422 3842.744
606.711 3904.448
606.999 4123.840
607.288 4064.094
607.577 4072.909
607.866 4119.921
608.155 4361.840
608.444 4431.379
608.732 4526.384
609.021 4525.404
609.310 4687.010
609.599 4663.503
609.888 4817.273
610.177 4900.524
610.466 4877.997
610.754 4898.564
611.043 4975.939
611.332 5185.537
611.621 5225.693
611.910 5327.554
612.199 5368.689
612.487 5454.879
612.776 5364.771
613.065 5486.220
613.354 5604.730
613.643 5654.681
613.932 5513.642
614.220 5562.613
614.509 5589.460
614.798 5587.502
615.087 5625.662
615.376 5599.243
615.665 5707.853
615.953 5656.972
616.242 5486.717
616.531 5397.675
616.820 5550.316
617.109 5290.042
617.398 5284.449
617.687 5098.260
617.975 5090.432
618.264 5002.369
618.553 4783.190
618.842 4653.053
619.131 4700.019
619.420 4597.279
619.708 4364.401
619.997 4339.939
620.286 4199.038
620.575 4079.664
620.864 4012.137
621.153 3756.027
621.441 3578.118
621.730 3466.681
622.019 3375.404
622.308 3264.076
622.597 3065.833
622.886 2917.475
623.174 2821.865
623.463 2775.035
623.752 2664.143
624.041 2480.907
624.330 2381.491
624.619 2266.481
624.908 2180.534
625.196 2223.377
625.485 2086.083
625.774 1947.816
626.063 1802.924
626.352 1705.648
626.641 1621.990
626.929 1593.202
627.218 1518.839
627.507 1506.217
627.796 1456.259
628.085 1438.375
628.374 1186.075
628.662 1209.084
628.951 1114.176
629.240 1046.539
629.529 1018.618
629.818 969.760
630.107 917.365
630.396 837.831
630.684 832.604
630.973 808.685
631.262 872.433
631.551 772.630
631.840 698.130
632.129 665.794
632.417 659.014
632.706 604.971
632.995 619.627
633.284 570.221
633.573 542.174
633.862 558.326
634.150 526.953
634.439 500.800
634.728 434.548
635.017 450.838
635.306 393.234
635.595 376.230
635.883 412.367
636.172 384.821
636.461 384.143
636.750 354.469
637.039 282.164
637.328 283.671
637.617 271.389
637.905 275.775
638.194 270.511
638.483 264.602
638.772 298.226
639.061 268.821
639.350 223.440
639.638 222.067
639.927 233.964
640.216 223.939
640.505 168.486
640.794 136.822
641.083 164.917
641.371 211.997
641.660 181.993
641.949 147.318
642.238 169.416
642.527 174.568
642.816 137.737
643.104 150.888
643.393 154.961
643.682 108.598
643.971 89.660
644.260 120.379
644.549 123.376
644.838 123.719
645.126 133.366
645.415 67.508
645.704 33.085
645.993 61.262
646.282 127.224
646.571 104.864
646.859 141.044
647.148 99.683
647.437 114.197
647.726 172.399
648.015 63.203
648.304 52.877
648.592 34.796
648.881 63.625
649.170 24.361
649.459 46.544
649.748 100.733
650.037 56.440
650.326 66.238
650.614 23.648
650.903 19.802
651.192 63.700
651.481 28.667
651.770 24.785
652.059 48.339
652.347 28.806
652.636 50.445
652.925 36.764
653.214 48.622
653.503 38.846
653.792 29.991
654.080 21.118
654.369 0.346
654.658 29.087
654.947 17.210
655.236 53.970
655.525 27.184
655.813 69.001
656.102 13.292
656.391 37.233
656.680 59.226
656.969 79.264
657.258 30.313
657.547 45.342
657.835 30.372
658.124 22.363
658.413 27.395
658.702 18.376
658.991 19.397
659.280 39.457
659.568 51.544
659.857 43.511
660.146 47.527
660.435 25.463
660.724 31.493
661.013 53.603
661.301 58.627
661.590 -8.719
661.879 62.709
662.168 52.648
662.457 6.370
662.746 14.417
663.034 -15.765
663.323 17.434
663.612 1.337
663.901 20.451
664.190 41.577
664.479 13.407
664.768 31.515
665.056 8.376
665.345 15.417
665.634 -22.813
665.923 0.325
666.212 27.460
666.501 29.469
666.789 4.339
667.078 11.366
667.367 38.474
667.656 -24.755
667.945 -12.719
668.234 -16.732
668.522 -24.732
668.811 3.323
669.100 27.371
669.389 18.334
669.678 31.346
669.967 15.314
670.256 15.313
670.544 -2.685
670.833 7.305
671.122 -5.677
671.411 3.304
671.700 50.160
671.989 4.292
672.277 29.192
672.566 50.058
672.855 51.995
673.144 46.030
673.433 8.248
673.722 -36.440
674.010 6.255
674.299 -23.508
674.588 1.292
674.877 25.077
675.166 -20.493
675.455 -1.680
675.743 32.938
676.032 45.751
676.321 26.975
676.610 43.730
676.899 42.742
677.188 29.879
677.477 -16.473
677.765 -22.391
678.054 -12.517
678.343 39.699
678.632 12.100
678.921 -20.381
679.210 -24.295
679.498 12.086
679.787 7.169
680.076 -23.291
680.365 -17.398
680.654 20.912
680.943 -11.494
681.231 13.039
681.520 29.692
681.809 46.358
682.098 10.083
682.387 -2.663
682.676 21.825
682.964 -3.641
683.253 -34.983
683.542 36.514
683.831 3.213
684.120 -13.425
684.409 53.111
684.698 63.873
684.986 8.107
685.275 -58.495
685.564 -17.359
685.853 -8.545
686.142 32.590
686.431 -7.567
686.719 -19.321
687.008 -4.630
687.297 8.102
687.586 -17.364
687.875 -24.221
688.164 -19.325
688.452 32.585
688.741 -40.874
689.030 13.974
689.319 4.175
689.608 15.916
689.897 51.140
690.186 79.515
690.474 10.043
690.763 -8.549
691.052 -24.205
691.341 33.557
691.630 -27.169
691.919 -4.643
692.207 10.048
692.496 -20.315
692.785 -4.649
693.074 37.507
693.363 27.702
693.652 -30.171
693.940 16.933
694.229 41.466
694.518 20.877
694.807 14.000
695.096 -21.385
695.385 28.762
695.673 -28.297
695.962 34.694
696.251 25.835
696.540 -23.401
696.835 6.161
697.130 -2.716
697.425 4.187
697.720 39.728
698.015 18.997
698.310 14.074
698.605 74.350
698.900 65.456
699.195 36.835
699.490 24.965
699.785 -55.209
700.080 -44.319
700.375 -21.568
700.670 6.181
700.965 14.123
701.260 33.963
701.555 68.753
701.850 19.100
702.145 -23.602
702.440 -13.686
702.735 -13.687
703.030 11.175
703.324 70.875
703.619 21.144
703.914 20.147
704.209 14.170
704.504 -9.735
704.799 8.201
705.094 -32.677
705.389 14.181
705.684 2.216
705.979 37.111
706.274 17.187
706.569 50.120
706.864 57.163
707.159 42.177
707.454 18.200
707.749 -24.783
708.044 22.217
708.339 31.216
708.634 1.215
708.929 44.258
709.224 5.224
709.519 20.253
709.814 20.272
710.109 24.284
710.404 -16.857
710.699 -0.794
710.994 11.265
711.289 5.234
711.584 26.365
711.879 38.436
712.174 -24.945
712.469 -41.083
712.764 14.303
713.059 0.204
713.354 14.316
713.649 39.517
713.944 -29.032
714.239 -30.041
714.534 33.466
714.829 36.489
715.124 42.537
715.419 -9.883
715.714 -18.957
716.009 -12.909
716.304 -0.814
716.598 11.294
716.893 -31.120
717.188 25.445
717.483 44.681
717.778 50.798
718.073 32.612
718.368 -24.127
718.663 15.402
718.958 4.249
719.253 -51.642
719.548 9.342
719.843 10.369
720.138 55.231
720.433 77.656
720.728 -20.224
721.023 33.891
721.318 -44.762
721.613 -1.863
721.908 13.473
722.203 -27.456
722.498 24.744
722.793 17.596
723.088 -20.314
723.383 9.398
723.678 30.945
723.973 2.226
724.268 29.917
724.563 -13.160
724.858 40.172
725.153 -15.214
725.448 17.606
725.743 25.784
726.038 15.537
726.333 -14.177
726.628 -22.352
726.923 -24.400
727.218 -14.151
727.513 -3.927
727.808 -8.010
728.103 -34.533
728.398 -29.402
728.693 -29.403
728.988 10.341
729.283 65.264
729.578 66.213
729.873 65.195
730.167 -1.877
730.462 1.167
730.757 -15.046
731.052 -0.862
731.347 42.660
731.642 -6.929
731.937 24.390
732.232 64.793
732.527 38.490
732.822 16.273
733.117 33.376
733.412 -40.140
733.707 7.183
734.002 46.371
734.297 24.235
734.592 23.207
734.887 45.227
735.182 39.214
735.477 13.148
735.772 2.134
736.067 -12.855
736.362 1.129
736.657 11.108
736.952 -10.838
737.247 -40.708
737.542 -30.749
737.837 24.007
738.132 28.981
738.427 25.969
738.722 20.998
739.017 31.900
739.312 37.857
739.607 -4.840
739.902 32.857
740.197 -9.793
740.492 34.805
740.787 65.463
741.082 13.976
741.377 11.983
741.672 9.006
741.967 7.029
742.262 -12.722
742.557 -15.669
742.852 -27.505
743.147 -18.612
743.442 83.851
743.736 33.603
744.031 26.679
744.326 15.852
744.621 -5.803
744.916 39.433
745.211 5.017
745.506 2.066
745.801 30.580
746.096 8.938
746.391 -11.691
746.686 -7.763
746.981 -20.514
747.276 28.553
747.571 24.626
747.866 49.111
748.161 18.718
748.456 10.874
748.751 9.883
749.046 50.038
749.341 25.552
749.636 25.526
749.931 -31.227
750.226 -18.508
750.521 21.609
750.816 -3.833
751.111 -4.812
751.406 -13.619
751.701 44.109
751.996 -7.751
752.291 -7.752
752.586 -1.882
752.881 -16.560
753.176 -32.217
753.471 35.297
753.766 9.856
754.061 20.638
754.356 2.028
754.651 31.410
754.946 -14.625
755.241 42.182
755.536 -31.277
755.831 28.467
756.126 -6.787
756.421 23.545
756.716 22.566
757.010 40.177
757.305 -13.640
757.600 -1.899
757.895 8.863
758.190 43.066
758.485 32.344
758.780 0.053
759.075 -6.797
759.370 -11.690
759.665 -3.864
759.960 -2.889
760.255 8.863
760.550 28.451
760.845 35.340
761.140 47.104
761.435 11.820
761.730 56.035
762.025 -15.675
762.320 45.272
762.615 27.572
762.910 1.022
763.205 -50.159
763.500 71.887
763.802 59.149
764.104 55.207
764.406 62.102
764.708 -2.927
765.010 -30.541
765.312 12.850
765.615 7.926
765.917 2.002
766.219 37.576
766.521 13.859
766.823 -18.750
767.125 -16.792
767.427 6.946
767.729 5.962
768.031 39.624
768.333 38.633
768.635 -7.911
768.937 29.749
769.239 -10.886
769.542 48.625
769.844 -0.979
770.146 32.750
770.448 5.969
770.750 -2.969
771.052 6.967
771.354 1.001
771.656 36.822
771.958 17.916
772.260 -30.873
772.562 -1.991
772.864 17.966
773.166 -0.998
773.468 77.921
773.771 10.998
774.073 -5.008
774.375 8.012
774.677 53.101
774.979 26.072
775.281 16.056
775.583 21.097
775.885 67.326
776.187 30.170
776.489 8.044
776.791 84.664
777.093 49.430
777.395 -5.067
777.698 -15.184
778.000 23.261
778.302 22.270
778.604 22.291
778.906 -14.236
779.208 17.253
779.510 14.217
779.812 20.340
780.114 -2.066
780.416 10.186
780.718 28.600
781.020 -25.620
781.322 6.115
781.625 3.043
781.927 13.298
782.229 51.298
782.531 14.351
782.833 -16.500
783.135 6.139
783.437 57.690
783.739 -0.043
784.041 -13.474
784.343 9.261
784.645 25.833
784.947 -26.991
785.249 -8.349
785.552 -20.820
785.854 -33.317
786.156 -3.176
786.458 -15.680
786.760 27.055
787.062 32.301
787.364 -18.868
787.666 45.964
787.968 31.351
788.270 74.360
788.572 6.231
788.874 20.964
789.176 -15.857
789.478 -21.144
789.781 -35.898
790.083 32.628
790.385 -30.697
790.687 26.352
790.989 49.659
791.291 2.041
791.593 21.129
791.895 -30.834
792.197 -17.067
792.499 -35.116
792.801 11.605
793.103 -2.212
793.405 -3.280
793.708 73.315
794.010 32.923
794.312 20.163
794.614 20.184
794.916 14.846
795.218 -0.097
795.520 -32.184
795.822 9.536
796.124 -4.389
796.426 -31.219
796.728 17.081
797.030 17.098
797.332 -72.151
797.635 -34.555
797.937 -20.585
798.239 16.069
798.541 -29.272
798.843 -5.515
799.145 3.126
799.447 18.280
799.749 -3.367
800.051 48.580
800.353 29.129
800.655 6.376
800.957 -10.972
801.259 32.410
801.562 -5.552
801.864 3.123
802.166 80.215
802.468 41.126
802.770 -27.280
803.072 2.035
803.374 -28.369
803.676 -47.966
803.978 34.641
804.280 35.726
804.582 33.587
804.884 -8.851
805.186 29.264
805.488 31.441
805.791 48.922
806.093 -21.987
806.395 -16.548
806.697 -30.791
806.999 -22.040
807.301 8.603
807.603 35.983
807.905 8.609
808.207 5.324
808.509 -42.977
808.811 -16.633
809.113 5.325
809.415 51.477
809.718 -3.470
810.020 -13.376
810.322 2.024
810.624 26.254
810.926 19.644
811.228 48.330
811.530 45.021
811.834 -10.119
812.137 5.338
812.441 -45.492
812.744 60.650
813.048 -23.448
813.351 33.065
813.655 53.078
813.958 74.164
814.262 64.245
814.565 30.944
814.869 20.955
815.172 43.225
815.476 22.090
815.779 6.488
816.083 -39.273
816.386 22.134
816.690 34.461
816.993 21.061
817.297 5.387
817.600 30.083
817.904 -36.177
818.208 -22.721
818.511 21.147
818.815 -19.372
819.118 36.974
819.422 35.886
819.725 30.241
820.029 15.566
820.332 -18.295
820.636 18.949
820.939 34.709
821.243 25.688
821.546 27.910
821.850 8.744
822.153 85.051
822.457 -10.337
822.760 18.767
823.064 45.509
823.367 32.043
823.671 58.572
823.974 65.085
824.278 3.057
824.582 -44.259
824.885 -30.958
825.189 18.323
825.492 4.100
825.796 16.028
826.099 9.481
826.403 -15.346
826.706 42.704
827.010 4.017
827.313 10.388
827.617 8.230
827.920 -7.663
828.224 20.788
828.527 53.194
828.831 41.488
829.134 46.512
829.438 43.212
829.741 36.846
830.045 -17.722
830.348 29.384
830.652 -5.361
830.956 15.942
831.259 17.894
831.563 22.845
831.866 2.732
832.170 -23.180
832.473 39.411
832.777 39.215
833.080 0.711
833.384 25.167
833.687 29.912
833.991 17.168
834.294 9.369
834.598 -13.710
834.901 27.424
835.205 3.524
835.508 1.615
835.812 -8.742
836.115 10.024
836.419 -17.983
836.722 31.264
837.026 -3.049
837.330 -9.485
837.633 -3.948
837.937 -46.939
838.240 -3.019
838.544 6.100
838.847 -5.747
839.151 29.744
839.454 6.084
839.758 18.822
840.061 33.409
840.365 -16.699
840.668 14.319
840.972 7.025
841.275 -11.296
841.579 16.245
841.882 42.095
842.186 -4.925
842.489 -16.062
842.793 11.773
843.097 36.967
843.400 -16.202
843.704 -26.583
844.007 28.816
844.311 -11.632
844.614 6.292
844.918 73.537
845.221 8.210
845.525 14.878
845.828 23.476
846.132 13.023
846.435 22.584
846.739 14.956
847.042 50.327
847.346 -18.526
847.649 4.439
847.953 -20.443
848.256 -1.306
848.560 -15.662
848.863 55.149
849.167 81.864
849.471 19.720
849.774 49.355
850.078 -50.980
850.381 -3.223
850.685 18.704
850.988 -4.173
851.292 0.586
851.595 3.432
851.899 8.164
852.202 30.852
852.506 37.437
852.809 34.502
853.113 -15.423
853.416 4.322
853.720 -54.681
854.023 1.493
854.327 -34.826
854.630 4.267
854.934 33.883
855.237 13.486
855.541 6.073
855.845 11.570
856.148 27.118
856.452 26.128
856.755 -4.027
857.059 11.436
857.362 -13.087
857.666 5.046
857.969 24.005
858.273 9.533
858.576 23.015
858.880 25.668
859.183 -21.017
859.487 -24.562
859.790 -24.520
860.094 22.801
860.397 34.366
860.701 28.075
861.004 49.382
861.308 -6.608
861.611 32.403
861.915 -51.773
862.219 4.023
862.522 -11.887
862.826 4.009
863.129 -12.751
863.433 11.047
863.736 29.521
864.040 32.160
864.343 20.715
864.647 -0.414
864.950 -25.063
865.254 -15.382
865.557 39.228
865.861 -34.783
866.164 -35.697
866.468 6.629
866.771 -7.495
867.075 -13.693
867.378 -27.866
867.682 10.203
867.985 -6.648
868.289 13.782
868.593 7.565
868.896 -28.074
869.200 24.531
869.503 -21.898
869.807 38.078
870.110 50.711
870.414 3.142
870.717 -1.363
871.021 14.893
871.324 9.496
871.628 14.970
871.931 -1.383
872.235 19.596
872.538 36.116
872.842 5.021
873.145 -44.686
873.449 17.053
873.752 24.506
874.056 27.383
874.359 -7.025
874.663 15.383
874.967 -20.189
875.270 -35.286
875.574 7.967
875.877 43.905
876.181 35.497
876.484 26.090
876.788 -26.268
877.091 -21.566
877.395 -6.289
877.698 -29.358
878.002 -55.457
878.305 -9.234
878.609 -19.912
878.912 59.582
879.216 59.696
879.519 20.882
879.823 15.061
880.126 26.803
880.430 20.977
880.733 -18.238
881.037 13.176
881.341 13.187
881.644 -13.391
881.948 1.387
882.251 57.654
882.555 10.288
882.858 -2.575
883.162 -8.535
883.465 15.288
883.769 -13.527
884.072 24.269
884.376 26.309
884.679 24.385
884.983 0.383
885.286 8.381
885.590 -26.622
885.893 -22.624
886.197 4.374
886.500 16.371
886.804 3.369
887.107 16.366
887.411 51.364
887.715 34.362
888.018 15.359
888.322 20.357
888.625 15.354
888.929 -12.648
889.232 -31.650
889.536 -10.653
889.839 -21.655
890.143 80.342
890.446 73.340
890.750 11.337
891.053 53.335
891.357 -2.667
891.660 18.330
891.964 45.328
892.267 -7.675
892.571 22.323
892.874 1.320
893.178 103.318
893.482 86.315
893.785 45.313
894.089 11.310
894.392 41.308
894.696 -36.695
894.999 -23.697
895.303 -29.700
895.606 8.298
895.910 55.295
896.213 27.293
896.517 -3.710
896.820 51.288
897.124 7.285
897.427 -12.718
897.731 -12.720
898.034 -10.723
898.338 12.275
898.641 16.272
898.945 86.270
899.248 38.267
899.552 -1.736
899.856 -15.738
900.159 -66.741
900.463 -21.743
900.766 -31.746
901.070 -4.749
901.373 -9.751
901.677 45.246
901.980 -32.757
902.284 24.241
902.587 34.238
902.891 -21.764
903.194 -5.767
903.498 7.230
903.801 23.228
904.105 -8.775
904.408 -40.778
904.712 24.219
905.015 -21.783
905.319 22.214
905.622 23.211
905.926 67.209
906.230 -1.794
906.533 -10.797
906.837 1.200
907.140 -18.802
907.444 -52.805
907.747 -16.808
908.051 18.189
908.354 16.187
908.658 42.184
908.961 18.181
909.265 4.178
909.568 9.176
909.872 19.173
910.175 0.170
910.479 -8.833
910.782 7.164
911.086 43.162
911.389 -71.841
911.693 -37.844
911.996 40.153
912.300 17.150
912.609 -17.853
912.918 -31.855
913.227 -47.858
913.537 24.139
913.846 60.136
914.155 -10.867
914.464 -22.870
914.773 18.127
915.082 -15.876
915.391 12.122
915.700 -31.881
916.010 -11.884
916.319 -9.887
916.628 19.110
916.937 56.107
917.246 13.104
917.555 4.101
917.864 21.098
918.174 12.095
918.483 -4.908
918.792 16.089
919.101 27.086
919.410 -19.917
919.719 5.080
920.028 21.077
920.337 24.074
920.647 -14.929
920.956 -10.932
921.265 1.065
921.574 -18.938
921.883 -58.941
922.192 -31.944
922.501 -46.947
922.811 30.050
923.120 36.047
923.429 22.044
923.738 -20.959
924.047 35.038
924.356 32.034
924.665 5.031
924.974 -4.972
925.284 -39.975
925.593 -29.978
925.902 48.019
926.211 38.016
926.520 32.013
926.829 -47.991
927.138 -28.994
927.448 23.003
927.757 23.000
928.066 31.997
928.375 -23.006
928.684 29.990
928.993 35.987
929.302 21.984
929.611 -3.019
929.921 7.978
930.230 -12.026
930.539 -9.029
930.848 -21.032
931.157 -14.035
931.466 21.961
931.775 30.958
932.085 0.955
932.394 5.952
932.703 7.948
933.012 0.945
933.321 1.942
933.630 -17.062
933.939 -9.065
934.248 -54.068
934.558 -0.072
934.867 35.925
935.176 -16.078
935.485 16.918
935.794 29.915
936.103 19.912
936.412 35.908
936.721 -8.095
937.031 -12.099
937.340 -15.102
937.649 -8.105
937.958 29.891
938.267 -1.112
938.576 -31.116
938.885 6.881
939.195 3.877
939.504 12.874
939.813 -2.129
940.122 12.867
940.431 -1.136
940.740 30.860
941.049 41.857
941.359 17.853
941.668 12.850
941.977 56.846
942.286 11.843
942.595 -31.161
942.904 -13.165
943.213 -49.168
943.522 -8.172
943.832 1.825
944.141 13.821
944.450 39.818
944.759 0.814
945.068 -45.190
945.377 -8.193
945.686 -21.197
945.995 -41.200
946.305 -42.204
946.614 -26.208
946.923 76.789
947.232 32.785
947.541 9.781
947.850 18.778
948.159 5.774
948.469 5.770
948.778 18.767
949.087 -29.237
949.396 -40.241
949.705 5.755
950.014 44.752
950.323 37.748
950.632 68.744
950.942 26.740
951.251 24.737
951.560 -0.267
951.869 -52.271
952.178 -3.275
952.487 35.721
952.796 -24.282
953.106 29.714
953.415 -0.290
953.724 33.706
954.033 17.702
954.342 -43.302
954.651 1.695
954.960 -20.309
955.269 36.687
955.579 -3.317
955.888 64.679
956.197 -1.325
956.506 20.671
956.815 32.667
957.124 1.663
957.433 -32.341
957.743 15.655
958.052 -16.349
958.361 -29.353
958.670 -12.357
958.979 48.639
959.288 67.635
959.597 -2.369
959.906 -32.373
960.216 2.623
960.525 -10.381
960.834 8.615
961.143 55.611
961.452 15.607
961.761 34.603
962.070 31.599
962.380 -32.405
962.689 -32.409
962.998 12.587
963.307 57.582
963.616 -3.422
963.925 7.574
964.234 17.570
964.543 -11.434
964.853 23.562
965.162 24.557
965.471 16.553
965.780 1.549
966.092 67.545
966.404 22.541
966.716 4.536
967.028 -27.468
967.340 -1.472
967.652 38.524
967.964 10.519
968.276 57.515
968.588 32.511
968.900 -18.494
969.212 -42.498
969.524 17.498
969.836 17.493
970.148 -28.511
970.460 -13.515
970.772 -11.520
971.084 34.476
971.396 33.471
971.708 56.467
972.020 18.463
972.332 48.458
972.644 -41.546
972.956 10.449
973.268 6.445
973.580 -13.560
973.892 3.436
974.204 9.431
974.516 -56.573
974.828 59.422
975.140 -9.582
975.452 35.413
975.764 15.409
976.076 -1.596
976.388 -3.600
976.700 10.395
977.012 7.390
977.324 4.386
977.636 -8.619
977.948 10.377
978.260 19.372
978.572 -9.633
978.884 65.363
979.196 30.358
979.508 23.353
979.820 7.349
980.132 -47.656
980.444 17.339
980.756 30.334
981.068 47.330
981.380 10.325
981.692 5.320
982.004 28.315
982.316 -0.689
982.628 -21.694
982.940 45.301
983.252 18.296
983.564 -19.709
983.876 -33.714
984.188 30.282
984.500 -27.723
984.812 -5.728
985.124 -21.733
985.436 4.262
985.748 -6.743
986.060 34.252
986.372 -19.753
986.684 33.242
986.996 54.237
987.308 51.232
987.620 6.227
987.932 -43.778
988.244 -10.783
988.556 -7.788
988.868 18.207
989.180 3.202
989.492 -9.803
989.804 10.192
990.116 36.187
990.428 11.182
990.740 -25.823
991.052 -20.828
991.364 -34.833
991.676 -25.839
991.988 36.156
992.300 17.151
992.612 -27.854
992.924 -9.859
993.236 15.135
993.548 -0.870
993.860 15.125
994.172 11.120
994.484 -1.886
994.796 -50.891
995.108 32.104
995.420 24.099
995.732 17.093
996.044 19.088
996.356 -32.917
996.668 -22.923
996.980 -49.928
997.292 6.066
997.604 -2.939
997.916 3.056
998.228 45.050
998.540 40.045
998.852 -15.961
999.164 8.034
999.476 -9.972
999.788 -18.977
1000.100 -23.983
1000.412 -21.988
1000.724 -20.994
1001.036 21.001
1001.348 24.995
1001.660 -17.010
1001.972 14.984
1002.284 5.978
1002.596 -53.027
1002.908 23.967
1003.220 -1.039
1003.532 2.956
1003.844 7.950
1004.156 12.944
1004.468 -31.061
1004.780 34.933
1005.092 32.927
1005.404 10.921
1005.716 35.916
1006.028 -12.090
1006.340 -8.096
1006.652 -16.102
1006.964 -45.108
1007.276 8.887
1007.588 -1.119
1007.900 6.875
1008.212 5.869
1008.524 -20.137
1008.836 -28.143
1009.148 -8.149
1009.460 -7.155
1009.772 13.839
1010.084 22.833
1010.396 19.827
1010.708 30.821
1011.020 24.815
1011.332 3.809
1011.644 -57.197
1011.956 -26.203
1012.268 -3.209
1012.580 -40.215
1012.892 -3.221
1013.204 7.773
1013.516 76.767
1013.828 65.761
1014.140 3.754
1014.452 -5.252
1014.764 -40.258
1015.076 6.736
1015.388 3.730
1015.700 -25.277
1016.012 -22.283
1016.324 -18.289
1016.636 41.704
1016.948 -10.302
1017.260 21.692
1017.572 -12.315
1017.884 2.679
1018.196 -25.327
1018.508 18.666
1018.820 25.660
1019.132 16.653
1019.444 25.647
1019.756 -5.359
1020.068 27.634
1020.380 16.628
1020.692 -12.379
1021.004 -4.386
1021.316 -2.392
1021.628 11.601
1021.940 7.595
1022.252 12.588
1022.564 25.582
1022.876 18.575
1023.188 -11.432
1023.500 18.562
1023.812 -41.445
1024.124 -1.452
1024.436 -26.458
1024.748 -9.465
1025.060 -7.472
1025.372 43.521
1025.684 48.515
1025.996 2.508
1026.308 -7.499
1026.620 8.494
1026.932 14.487
1027.244 1.480
1027.556 -3.527
1027.868 -8.533
1028.180 -49.540
1028.492 30.453
1028.804 39.446
1029.116 10.439
1029.428 50.432
1029.740 57.425
1030.052 26.418
1030.364 18.411
1030.676 -8.596
1030.988 -4.604
1031.300 27.389
1031.612 -14.618
1031.924 -6.625
1032.236 50.368
1032.548 -8.639
1032.860 20.354
1033.172 -5.654
1033.484 -15.661
1033.796 11.332
1034.108 16.325
1034.420 -12.683
1034.732 -5.690
1035.044 38.303
1035.356 15.295
1035.668 20.288
1035.980 3.281
1036.292 55.273
1036.604 14.266
1036.916 -8.742
1037.228 12.251
1037.540 -31.757
1037.852 20.236
1038.164 37.228
1038.476 28.221
1038.788 8.213
1039.100 4.206
1039.412 38.198
1039.724 -33.810
1040.036 -1.817
1040.348 -10.825
1040.660 -1.833
1040.972 -40.840
1041.284 8.152
1041.596 -38.856
1041.908 21.137
1042.220 28.129
1042.532 1.121
1042.844 21.113
1043.156 -27.895
1043.468 29.097
1043.780 43.090
1044.092 -5.918
1044.404 20.074
1044.716 63.066
1045.028 70.058
1045.340 26.050
1045.652 -5.958
1045.964 -30.966
1046.276 2.026
1046.588 11.018
1046.900 -21.990
1047.212 8.001
1047.524 6.993
1047.836 44.985
1048.148 39.977
1048.460 33.969
1048.772 23.961
1049.084 -37.048
1049.396 -17.056
1049.708 33.936
1050.020 -4.072
1050.332 25.919
1050.644 57.911
1050.956 47.903
1051.268 13.894
1051.580 0.886
1051.892 18.877
1052.204 -21.131
1052.516 0.860
1052.828 -31.148
1053.140 21.843
1053.452 -21.165
1053.764 -20.174
1054.076 17.818
1054.388 -2.191
1054.700 -43.200
1055.012 1.792
1055.324 -18.217
1055.636 17.774
1055.948 46.766
1056.260 43.757
1056.572 -8.252
1056.884 37.739
1057.196 -14.269
1057.508 3.722
1057.820 -14.287
1058.132 -26.296
1058.444 -51.305
1058.756 -11.314
1059.068 34.677
1059.380 10.668
1059.692 -20.341
1060.004 1.650
1060.316 1.641
1060.628 -54.368
1060.940 -11.377
1061.252 -9.386
1061.564 20.605
1061.876 -17.404
1062.188 18.586
1062.500 18.577
1062.812 11.568
1063.124 61.559
1063.436 -4.451
1063.748 31.540
1064.060 8.531
1064.372 -42.479
1064.684 19.512
1064.996 -0.497
1065.308 12.493
1065.620 24.484
1065.932 -12.526
1066.244 -4.535
1066.556 -4.545
1066.868 -7.554
1067.180 -6.564
1067.492 52.427
1067.804 46.417
1068.116 49.407
1068.428 -21.602
1068.740 -10.612
1069.052 39.378
1069.364 -53.631
1069.676 5.359
1069.988 -13.651
1070.300 11.339
1070.612 18.329
1070.924 2.319
1071.236 22.310
1071.548 34.300
1071.860 -2.710
1072.172 33.280
1072.484 50.270
1072.796 -23.740
1073.108 -4.750
1073.420 -30.761
1073.732 -19.771
1074.044 -36.781
1074.356 14.209
1074.668 1.199
1074.980 15.189
1075.292 -18.822
1075.604 -11.832
1075.916 -4.842
1076.228 -0.852
1076.540 -45.863
1076.852 33.127
1077.164 26.117
1077.476 -7.894
1077.788 -17.904
1078.100 1.085
1078.412 37.075
1078.724 29.064
1079.036 5.054
1079.348 -12.957
1079.660 -15.968
1079.972 -7.978
1080.284 -52.989
1080.596 32.000
1080.908 29.990
1081.220 2.979
1081.532 0.968
1081.844 36.957
1082.156 7.947
1082.468 14.936
1082.780 -14.075
1083.092 41.914
1083.404 42.903
1083.716 -17.108
1084.028 15.881
1084.340 31.870
1084.652 8.859
1084.964 19.848
1085.276 0.837
1085.588 -47.174
1085.900 60.815
1086.212 -40.197
1086.524 -1.208
1086.836 -15.219
1087.148 0.770
1087.460 -4.242
1087.772 -17.253
1088.084 7.736
1088.396 -15.276
1088.708 16.713
1089.020 -22.299
1089.332 -13.310
1089.644 3.678
1089.956 12.667
1090.268 -4.345
1090.580 -35.356
1090.892 20.632
1091.204 -4.380
1091.516 -38.391
1091.828 -25.403
1092.140 62.585
1092.465 0.574
1092.790 -12.438
1093.114 17.550
1093.439 44.538
1093.764 4.526
1094.089 -10.486
1094.414 -38.498
1094.739 -11.510
1095.063 13.478
1095.388 45.466
1095.713 51.454
1096.038 10.442
1096.363 -27.570
1096.688 6.418
1097.012 -2.594
1097.337 -41.606
1097.662 -33.619
1097.987 0.369
1098.312 14.357
1098.637 43.345
1098.961 38.332
1099.286 60.320
1099.611 5.307
1099.936 -27.705
1100.261 21.283
1100.586 -11.730
1100.910 4.258
1101.235 30.245
1101.560 -3.768
1101.885 17.220
1102.210 23.207
1102.535 16.194
1102.859 -21.818
1103.184 -29.831
1103.509 -6.844
1103.834 -46.857
1104.159 -33.869
1104.484 -56.882
1104.808 38.105
1105.133 12.092
1105.458 -18.921
1105.783 -15.934
1106.108 -14.947
1106.432 -35.960
1106.757 16.027
1107.082 -4.986
1107.407 21.000
1107.732 -7.013
1108.057 25.974
1108.381 3.961
1108.706 31.948
1109.031 42.934
1109.356 37.921
1109.681 15.908
1110.006 41.894
1110.330 -2.119
1110.655 -7.133
1110.980 39.854
1111.305 -1.160
1111.630 -10.173
1111.955 2.813
1112.279 -7.200
1112.604 20.786
1112.929 -28.228
1113.254 -38.241
1113.579 1.745
1113.904 26.731
1114.228 17.717
1114.553 23.703
1114.878 -25.310
1115.203 -30.324
1115.528 -20.338
1115.853 30.648
1116.177 -30.366
1116.502 -86.380
1116.827 -31.394
1117.152 -27.408
1117.477 -3.422
1117.802 -12.437
1118.126 13.549
1118.451 32.535
1118.776 -11.479
1119.101 -49.494
1119.426 6.492
1119.751 -33.522
1120.075 -17.537
1120.400 20.449
1120.725 -2.565
1121.050 7.420
1121.375 29.406
1121.699 -9.609
1122.024 3.377
1122.349 29.362
1122.674 0.347
1122.999 -10.667
1123.324 -24.682
1123.648 41.303
1123.973 20.289
1124.298 62.274
1124.623 54.259
1124.948 5.244
1125.273 -2.771
1125.597 -8.786
1125.922 -47.800
1126.247 -24.815
1126.572 44.170
1126.897 37.155
1127.222 28.140
1127.546 -31.876
1127.871 3.109
1128.196 -3.906
1128.521 -25.921
1128.846 -10.936
1129.171 -44.951
1129.495 -39.967
1129.820 -12.982
1130.145 -8.997
1130.470 20.987
1130.795 26.972
1131.120 -23.044
1131.444 -3.059
1131.769 -45.074
1132.094 32.910
1132.419 -5.106
1132.744 -71.121
1133.069 -30.137
1133.393 -13.152
1133.718 -26.168
1134.043 -14.184
1134.368 25.801
1134.693 -2.215
1135.017 -61.231
1135.342 -57.247
1135.667 6.737
1135.992 -1.279
1136.317 -12.295
1136.642 39.690
1136.966 30.674
1137.291 52.658
1137.616 17.642
1137.941 -13.375
1138.266 -29.391
1138.591 14.593
1138.915 -3.423
1139.240 -40.439
1139.565 -6.455
1139.890 -9.472
1140.215 -35.488
1140.540 13.496
1140.864 21.480
1141.189 -26.537
1141.514 -5.553
1141.839 -19.570
1142.164 29.414
1142.489 15.398
1142.813 26.381
1143.138 -4.635
1143.463 -3.652
1143.788 3.331
1144.113 32.315
1144.438 12.298
1144.762 10.281
1145.087 56.265
1145.412 -12.752
1145.737 15.231
1146.062 38.215
1146.387 -22.802
1146.711 -17.819
1147.036 -45.836
1147.361 -8.853
1147.686 5.130
1148.011 -23.887
1148.335 -15.904
1148.660 12.079
1148.985 -42.938
1149.310 -3.955
1149.635 27.028
1149.960 -10.989
1150.284 -46.006
1150.609 35.977
1150.934 -55.040
1151.259 -4.058
1151.584 38.925
1151.909 -13.092
1152.233 69.891
1152.558 -2.127
1152.883 23.856
1153.208 11.839
1153.533 8.821
1153.858 -28.196
1154.182 -10.213
1154.507 22.769
1154.832 -54.248
1155.157 32.734
1155.482 -41.283
1155.807 -5.301
1156.131 16.682
1156.456 15.664
1156.781 23.646
1157.106 -15.371
1157.431 39.611
1157.756 16.593
1158.080 -2.424
1158.405 10.558
1158.730 -9.460
1159.055 -4.477
1159.380 3.505
1159.705 15.487
1160.029 38.469
1160.354 -16.549
1160.679 -19.567
1161.004 -6.584
1161.329 53.398
1161.653 -14.620
1161.978 60.362
1162.303 14.344
1162.628 4.326
1162.953 13.308
1163.278 15.290
1163.602 -24.728
1163.927 30.254
1164.252 19.236
1164.577 13.218
1164.902 -66.800
1165.227 16.181
1165.551 41.163
1165.876 -26.855
1166.201 -36.873
1166.526 59.109
1166.851 30.091
1167.176 5.072
1167.500 -11.946
1167.825 -8.964
1168.150 10.018
1168.475 6.999
1168.800 24.981
1169.125 9.963
1169.449 -23.055
1169.774 34.926
1170.099 -19.092
1170.424 -33.110
1170.749 -27.129
1171.074 -5.147
1171.398 13.834
1171.723 3.816
1172.048 -11.202
1172.373 -51.221
1172.698 -26.239
1173.023 -38.258
1173.347 -8.276
1173.672 -29.295
1173.997 -43.313
1174.322 -13.332
1174.647 -25.350
1174.972 9.632
1175.296 -10.387
1175.621 -15.405
1175.946 -22.424
1176.271 3.557
1176.596 -35.461
1176.920 -101.480
1177.245 7.502
1177.570 15.483
1177.895 -20.535
1178.220 -14.554
1178.545 -10.572
1178.869 -10.591
1179.194 21.391
1179.519 -5.628
1179.844 -26.647
1180.169 17.335
1180.494 40.316
1180.818 -1.702
1181.143 9.279
1181.468 -6.739
1181.793 -27.758
1182.118 22.223
1182.443 -3.795
1182.767 16.186
1183.092 -11.832
1183.417 23.149
1183.742 17.131
1184.067 12.112
1184.392 29.093
1184.716 17.075
1185.041 44.056
1185.366 16.038
1185.691 -69.981
1186.016 -32.999
1186.341 -49.018
1186.665 3.964
1186.990 -12.055
1187.315 3.927
1187.640 2.908
1187.965 -28.110
1188.290 -51.129
1188.614 3.853
1188.939 42.834
1189.264 20.816
1189.589 -32.203
1189.914 39.779
1190.238 15.760
1190.563 -3.258
1190.888 -0.277
1191.213 57.705
1191.538 7.687
1191.863 -11.332
1192.187 -13.350
1192.512 8.632
1192.837 -30.387
1193.162 -0.405
1193.487 1.577
1193.812 36.558
1194.136 12.540
1194.461 -2.478
1194.786 -22.496
1195.111 7.486
1195.436 12.467
1195.761 -10.551
1196.085 42.431
1196.410 21.413
1196.735 18.395
1197.060 25.377
1197.385 -22.641
1197.710 -1.659
1198.034 16.323
1198.359 1.305
1198.684 3.287
1199.009 -0.731
1199.334 11.251
1199.659 -24.767
1199.983 -6.785
1200.308 -6.803
1200.633 -22.821
1200.958 1.162
1201.283 -33.856
1201.608 -21.874
1201.932 3.109
1202.257 12.091
1202.582 -40.927
1202.907 8.056
1203.232 45.038
1203.556 -8.979
1203.881 -35.997
1204.206 -19.014
1204.531 49.968
1204.856 -7.049
1205.181 -17.066
1205.505 17.916
1205.830 -3.101
1206.155 36.882
1206.480 59.865
1206.805 14.847
1207.130 -14.170
1207.454 5.813
1207.779 -65.204
1208.104 -33.221
1208.429 -29.238
1208.754 -5.255
1209.079 15.728
1209.403 44.712
1209.728 -3.305
1210.053 5.678
1210.378 -33.339
1210.703 -2.355
1211.028 24.628
1211.352 -35.388
1211.677 51.595
1212.002 11.579
1212.327 9.562
1212.652 20.546
1212.977 -4.470
1213.301 -27.486
1213.626 9.497
1213.951 -4.519
1214.276 7.465
1214.601 15.449
1214.926 -2.567
1215.250 53.417
1215.575 19.401
1215.900 49.386
1216.225 -5.630
1216.550 3.354
1216.875 -27.661
1217.199 -2.677
1217.524 -29.693
1217.849 42.292
1218.174 -12.723
1218.499 -4.739
1218.823 24.246
1219.148 33.231
1219.473 14.216
1219.798 -34.799
1220.123 -4.814
1220.448 -31.829
1220.772 -15.844
1221.097 -4.859
1221.422 -7.874
1221.747 -21.888
1222.072 -33.903
1222.397 31.083
1222.721 -28.932
1223.046 -2.946
1223.371 -7.961
1223.696 -24.975
