165.214 15.374
165.472 64.374
165.730 68.374
165.987 43.373
166.245 45.373
166.503 62.373
166.761 19.372
167.019 49.372
167.277 56.372
167.534 49.372
167.792 36.371
168.050 69.371
168.308 31.371
168.566 85.370
168.824 99.370
169.081 68.370
169.339 44.369
169.597 33.369
169.855 48.369
170.113 71.368
170.371 76.368
170.628 83.368
170.886 58.367
171.144 50.367
171.402 66.367
171.660 63.366
171.917 65.366
172.175 83.366
172.433 64.365
172.691 47.365
172.949 44.365
173.207 40.364
173.464 48.364
173.722 34.364
173.980 47.363
174.238 50.363
174.496 63.363
174.754 65.362
175.011 54.362
175.269 69.362
175.527 99.361
175.785 71.361
176.043 24.361
176.301 13.360
176.558 47.360
176.816 110.360
177.074 95.359
177.332 81.359
177.590 69.359
177.848 61.358
178.105 77.358
178.363 53.358
178.621 76.357
178.879 95.357
179.137 97.356
179.395 64.356
179.652 29.356
179.910 54.355
180.168 79.355
180.426 60.355
180.684 51.354
180.942 84.354
181.199 57.354
181.457 77.353
181.715 74.353
181.973 71.353
182.231 55.352
182.489 44.352
182.746 5.352
183.004 43.351
183.262 72.351
183.520 53.351
183.778 46.350
184.036 71.350
184.293 81.350
184.551 55.349
184.809 67.349
185.067 47.349
185.325 32.348
185.583 67.348
185.840 35.348
186.098 1.347
186.356 20.347
186.614 51.347
186.872 88.346
187.130 48.346
187.387 22.345
187.645 17.345
187.903 13.345
188.161 36.344
188.419 66.344
188.677 65.344
188.934 66.343
189.192 61.343
189.450 46.343
189.708 53.342
189.966 69.342
190.224 63.342
190.481 72.341
190.739 24.341
190.997 8.341
191.255 18.340
191.513 33.340
191.771 66.340
192.028 95.339
192.286 77.339
192.544 93.338
192.802 67.338
193.060 61.338
193.317 119.337
193.575 76.337
193.833 65.337
194.091 101.336
194.349 65.336
194.607 38.336
194.864 42.335
195.122 58.335
195.380 52.335
195.638 51.334
195.896 21.334
196.154 28.333
196.411 40.333
196.669 45.333
196.927 61.332
197.185 60.332
197.443 68.332
197.701 19.331
197.958 68.331
198.216 85.331
198.474 26.330
198.732 23.330
198.990 73.329
199.248 64.329
199.505 43.329
199.763 86.328
200.021 67.328
200.279 44.328
200.537 28.327
200.795 20.327
201.052 29.327
201.310 50.326
201.568 50.326
201.826 64.326
202.084 60.325
202.342 55.325
202.599 72.324
202.857 68.324
203.115 22.324
203.373 -16.677
203.631 -7.677
203.889 35.323
204.146 63.322
204.404 30.322
204.662 -4.679
204.920 73.321
205.178 61.321
205.436 44.320
205.693 45.320
205.951 55.320
206.209 48.319
206.467 58.319
206.725 86.319
206.983 107.318
207.240 126.318
207.498 94.317
207.756 39.317
208.014 61.317
208.272 50.316
208.530 21.316
208.787 97.316
209.045 113.315
209.303 55.315
209.561 31.314
209.819 48.314
210.077 51.314
210.334 49.313
210.592 80.313
210.850 36.313
211.108 31.312
211.366 101.312
211.624 88.311
211.881 71.311
212.139 40.311
212.397 56.310
212.655 41.310
212.913 43.310
213.170 24.309
213.428 14.309
213.686 45.308
213.944 44.308
214.202 34.308
214.460 33.307
214.717 31.307
214.975 22.307
215.233 15.306
215.491 38.306
215.749 42.305
216.007 47.305
216.264 76.305
216.522 63.304
216.780 85.304
217.038 84.303
217.296 39.303
217.554 0.303
217.811 16.302
218.069 32.302
218.327 38.302
218.585 46.301
218.843 60.301
219.101 21.300
219.358 30.300
219.616 69.300
219.874 72.299
220.132 29.299
220.390 58.298
220.648 57.298
220.905 43.298
221.163 54.297
221.421 52.297
221.679 80.297
221.937 78.296
222.195 71.296
222.452 58.295
222.710 19.295
222.968 55.295
223.226 77.294
223.484 61.294
223.742 49.293
223.999 77.293
224.257 94.293
224.515 44.292
224.773 41.292
225.031 50.291
225.289 50.291
225.546 -1.709
225.804 2.290
226.062 61.290
226.320 83.289
226.578 72.289
226.836 75.289
227.093 33.288
227.351 21.288
227.609 17.288
227.867 73.287
228.125 71.287
228.383 62.286
228.640 34.286
228.898 30.286
229.156 34.285
229.414 64.285
229.672 75.284
229.930 60.284
230.187 40.284
230.445 56.283
230.703 17.283
230.961 32.282
231.219 66.282
231.477 67.282
231.734 71.281
231.992 53.281
232.250 51.280
232.508 49.280
232.766 39.280
233.024 54.279
233.281 59.279
233.539 28.278
233.797 49.278
234.055 93.278
234.313 77.277
234.570 57.277
234.828 34.276
235.086 69.276
235.344 74.275
235.602 63.275
235.860 63.275
236.117 46.274
236.375 79.274
236.633 56.273
236.891 55.273
237.149 56.273
237.407 61.272
237.664 71.272
237.922 129.271
238.180 76.271
238.438 22.271
238.696 31.270
238.954 65.270
239.211 72.269
239.469 94.269
239.727 76.269
239.985 69.268
240.243 50.268
240.501 42.267
240.758 47.267
241.016 27.266
241.274 19.266
241.532 39.266
241.790 37.265
242.048 43.265
242.305 30.264
242.563 24.264
242.821 27.264
243.079 24.263
243.337 18.263
243.595 60.262
243.852 117.262
244.110 90.262
244.368 50.261
244.626 47.261
244.884 73.260
245.142 70.260
245.399 73.259
245.657 61.259
245.915 25.259
246.173 34.258
246.431 29.258
246.689 49.257
246.946 50.257
247.204 47.256
247.462 40.256
247.720 37.256
247.978 56.255
248.236 40.255
248.493 -3.746
248.751 17.254
249.009 61.254
249.267 49.253
249.525 53.253
249.783 30.252
250.040 21.252
250.298 45.251
250.556 57.251
250.814 80.251
251.072 31.250
251.330 36.250
251.587 27.249
251.845 91.249
252.103 133.248
252.361 65.248
252.619 65.248
252.877 59.247
253.134 75.247
253.392 53.246
253.650 13.246
253.910 36.245
254.170 41.245
254.430 55.245
254.690 49.244
254.950 59.244
255.209 61.243
255.469 65.243
255.729 73.242
255.989 30.242
256.249 35.241
256.509 57.241
256.769 19.241
257.029 55.240
257.289 61.240
257.549 44.239
257.809 28.239
258.069 47.238
258.328 34.238
258.588 -4.762
258.848 69.237
259.108 92.237
259.368 64.236
259.628 59.236
259.888 79.235
260.148 59.235
260.408 37.234
260.668 38.234
260.928 69.234
261.187 65.233
261.447 68.233
261.707 42.232
261.967 26.232
262.227 66.231
262.487 82.231
262.747 114.231
263.007 59.230
263.267 48.230
263.527 16.229
263.787 53.229
264.047 89.228
264.306 77.228
264.566 76.227
264.826 66.227
265.086 38.227
265.346 26.226
265.606 30.226
265.866 42.225
266.126 53.225
266.386 66.224
266.646 85.224
266.906 87.223
267.165 69.223
267.425 48.222
267.685 61.222
267.945 73.222
268.205 40.221
268.465 29.221
268.725 42.220
268.985 25.220
269.245 32.219
269.505 59.219
269.765 73.218
270.024 47.218
270.284 41.217
270.544 44.217
270.804 34.217
271.064 37.216
271.324 79.216
271.584 74.215
271.844 70.215
272.104 26.214
272.364 47.214
272.624 28.213
272.884 11.213
273.143 48.212
273.403 51.212
273.663 37.212
273.923 66.211
274.183 82.211
274.443 86.210
274.703 54.210
274.963 55.209
275.223 60.209
275.483 71.208
275.743 80.208
276.002 47.207
276.262 17.207
276.522 60.206
276.782 47.206
277.042 66.206
277.302 66.205
277.562 53.205
277.822 55.204
278.082 61.204
278.342 58.203
278.602 45.203
278.862 73.202
279.121 83.202
279.381 83.201
279.641 61.201
279.901 45.200
280.161 42.200
280.421 32.199
280.681 25.199
280.941 44.198
281.201 50.198
281.461 77.198
281.721 102.197
281.980 96.197
282.240 58.196
282.500 31.196
282.760 40.195
283.020 40.195
283.280 7.194
283.540 43.194
283.800 72.193
284.060 74.193
284.320 21.192
284.580 56.192
284.840 38.191
285.099 4.191
285.359 23.190
285.619 40.190
285.879 44.189
286.139 60.189
286.399 66.188
286.659 69.188
286.919 50.188
287.179 25.187
287.439 42.187
287.699 70.186
287.958 68.186
288.218 55.185
288.478 44.185
288.738 46.184
288.998 37.184
289.258 43.183
289.518 58.183
289.778 73.182
290.038 79.182
290.298 26.181
290.558 12.181
290.818 33.180
291.077 11.180
291.337 -8.821
291.597 31.179
291.857 90.178
292.117 92.178
292.377 66.177
292.637 79.177
292.897 56.176
293.157 31.176
293.417 32.175
293.677 74.175
293.936 88.174
294.196 71.174
294.456 93.173
294.716 58.173
294.976 65.172
295.236 104.172
295.496 88.171
295.756 52.171
296.016 39.170
296.276 45.170
296.536 60.169
296.796 51.169
297.055 66.168
297.315 78.168
297.575 57.167
297.835 36.167
298.095 48.166
298.355 31.166
298.615 55.165
298.875 58.165
299.135 63.164
299.395 66.164
299.655 58.163
299.914 37.163
300.174 39.162
300.434 52.162
300.694 62.161
300.954 39.161
301.214 43.160
301.474 41.160
301.734 70.159
301.994 69.159
302.254 47.158
302.514 57.158
302.773 63.157
303.033 76.157
303.293 53.156
303.553 54.156
303.813 32.155
304.073 48.155
304.333 61.154
304.593 73.154
304.853 70.153
305.113 82.153
305.373 55.152
305.633 42.152
305.892 34.151
306.152 35.151
306.412 16.150
306.672 49.150
306.932 50.149
307.192 58.149
307.452 59.148
307.712 42.148
307.972 52.147
308.232 36.147
308.492 55.146
308.751 3.146
309.011 -9.855
309.271 27.145
309.531 51.144
309.791 68.143
310.051 57.143
310.311 71.142
310.571 50.142
310.831 43.141
311.091 0.141
311.351 6.140
311.611 56.140
311.870 59.139
312.130 65.139
312.390 74.138
312.650 61.138
312.910 73.137
313.170 58.137
313.434 10.136
313.698 5.136
313.963 47.135
314.227 82.135
314.491 70.134
314.755 61.133
315.019 42.133
315.284 59.132
315.548 71.132
315.812 86.131
316.076 69.131
316.340 65.130
316.604 109.130
316.869 97.129
317.133 74.129
317.397 57.128
317.661 45.128
317.925 79.127
318.190 76.127
318.454 24.126
318.718 17.125
318.982 16.125
319.246 52.124
319.511 48.124
319.775 57.123
320.039 72.123
320.303 80.122
320.567 81.122
320.832 115.121
321.096 163.121
321.360 32.120
321.624 31.120
321.888 44.119
322.153 47.118
322.417 79.118
322.681 56.117
322.945 27.117
323.209 44.116
323.473 56.116
323.738 32.115
324.002 21.115
324.266 40.114
324.530 100.114
324.794 95.113
325.059 61.112
325.323 86.112
325.587 71.111
325.851 20.111
326.115 36.110
326.380 56.110
326.644 47.109
326.908 68.109
327.172 66.108
327.436 78.108
327.701 40.107
327.965 29.106
328.229 62.106
328.493 32.105
328.757 42.105
329.022 33.104
329.286 41.104
329.550 62.103
329.814 41.102
330.078 54.102
330.342 40.101
330.607 65.101
330.871 83.100
331.135 80.100
331.399 45.099
331.663 7.099
331.928 24.098
332.192 58.097
332.456 67.097
332.720 80.096
332.984 73.096
333.249 66.095
333.513 41.095
333.777 30.094
334.041 50.093
334.305 50.093
334.570 55.092
334.834 81.092
335.098 87.091
335.362 108.091
335.626 74.090
335.891 45.090
336.155 49.089
336.419 17.088
336.683 13.088
336.947 27.087
337.211 89.087
337.476 54.086
337.740 2.086
338.004 41.085
338.268 52.084
338.532 31.084
338.797 60.083
339.061 46.083
339.325 67.082
339.589 53.081
339.853 48.081
340.118 56.080
340.382 45.080
340.646 50.079
340.910 24.079
341.174 39.078
341.439 33.077
341.703 27.077
341.967 9.076
342.231 23.076
342.495 58.075
342.759 56.075
343.024 30.074
343.288 21.073
343.552 64.073
343.816 69.072
344.080 36.072
344.345 75.071
344.609 57.070
344.873 67.070
345.137 73.069
345.401 47.069
345.666 76.068
345.930 94.067
346.194 64.067
346.458 25.066
346.722 39.066
346.987 28.065
347.251 25.064
347.515 49.064
347.779 68.063
348.043 57.063
348.308 37.062
348.572 64.062
348.836 37.061
349.100 18.060
349.364 47.060
349.628 57.059
349.893 79.059
350.157 81.058
350.421 65.057
350.685 79.057
350.949 37.056
351.214 28.056
351.478 46.055
351.742 63.054
352.006 61.054
352.270 86.053
352.535 103.053
352.799 93.052
353.063 80.051
353.327 78.051
353.591 53.050
353.856 28.049
354.120 43.049
354.384 77.048
354.648 67.048
354.912 61.047
355.177 97.046
355.441 105.046
355.705 93.045
355.969 45.045
356.233 43.044
356.497 72.043
356.762 83.043
357.026 68.042
357.290 50.042
357.554 103.041
357.818 117.040
358.083 54.040
358.347 45.039
358.611 20.038
358.875 14.038
359.139 32.037
359.404 73.037
359.668 63.036
359.932 22.035
360.196 54.035
360.460 87.034
360.725 100.033
360.989 94.033
361.253 58.032
361.517 73.032
361.781 90.031
362.046 68.030
362.310 93.030
362.574 76.029
362.838 56.028
363.102 58.028
363.366 103.027
363.631 105.027
363.895 78.026
364.159 74.025
364.423 78.025
364.687 29.024
364.952 -0.977
365.216 50.023
365.480 89.022
365.747 85.022
366.013 103.021
366.280 107.020
366.546 65.020
366.813 61.019
367.079 47.018
367.346 68.018
367.612 58.017
367.879 93.016
368.145 87.016
368.412 80.015
368.678 66.014
368.945 94.014
369.211 89.013
369.478 66.013
369.744 33.012
370.011 21.011
370.278 65.011
370.544 48.010
370.811 41.009
371.077 66.009
371.344 53.008
371.610 62.007
371.877 50.007
372.143 52.006
372.410 75.005
372.676 72.005
372.943 57.004
373.209 33.003
373.476 33.003
373.742 65.002
374.009 53.002
374.276 74.001
374.542 80.000
374.809 74.000
375.075 39.999
375.342 45.998
375.608 80.998
375.875 55.997
376.141 77.996
376.408 87.996
376.674 49.995
376.941 33.994
377.207 65.994
377.474 56.993
377.740 20.992
378.007 22.992
378.273 68.991
378.540 74.990
378.807 64.990
379.073 47.989
379.340 69.988
379.606 27.988
379.873 37.987
380.139 49.986
380.406 53.986
380.672 53.985
380.939 67.984
381.205 88.984
381.472 137.983
381.738 129.982
382.005 78.982
382.271 46.981
382.538 59.980
382.804 57.980
383.071 83.979
383.338 88.978
383.604 81.978
383.871 91.977
384.137 50.976
384.404 61.976
384.670 124.975
384.937 120.974
385.203 65.973
385.470 20.973
385.736 25.972
386.003 35.971
386.269 33.971
386.536 46.970
386.802 23.969
387.069 26.969
387.336 61.968
387.602 58.967
387.869 86.967
388.135 72.966
388.402 -1.035
388.668 27.965
388.935 52.964
389.201 67.963
389.468 43.962
389.734 30.962
390.001 59.961
390.267 64.960
390.534 37.960
390.800 41.959
391.067 76.958
391.333 93.958
391.600 83.957
391.867 27.956
392.133 18.956
392.400 29.955
392.666 -11.046
392.933 28.953
393.199 31.953
393.466 55.952
393.732 74.951
393.999 70.951
394.265 53.950
394.532 59.949
394.798 67.948
395.065 52.948
395.331 21.947
395.598 48.946
395.864 28.946
396.131 50.945
396.398 71.944
396.664 33.944
396.931 44.943
397.197 86.942
397.464 99.941
397.730 78.941
397.997 72.940
398.263 31.939
398.530 54.939
398.796 77.938
399.063 55.937
399.329 64.936
399.596 74.936
399.862 72.935
400.129 55.934
400.396 34.934
400.662 36.933
400.929 53.932
401.195 56.931
401.462 53.931
401.728 30.930
401.995 35.929
402.261 56.928
402.528 38.928
402.794 8.927
403.061 40.926
403.327 28.926
403.594 11.925
403.860 70.924
404.127 90.923
404.393 100.923
404.660 86.922
404.934 84.921
405.207 96.920
405.481 96.920
405.754 59.919
406.028 66.918
406.301 69.917
406.575 77.917
406.848 64.916
407.122 124.915
407.395 48.914
407.669 36.914
407.942 99.913
408.216 77.912
408.489 31.912
408.763 9.911
409.036 20.910
409.310 39.909
409.583 62.909
409.857 91.908
410.130 52.907
410.404 60.906
410.677 70.906
410.951 42.905
411.224 14.904
411.498 54.903
411.771 66.903
412.045 93.902
412.318 67.901
412.592 54.900
412.865 40.900
413.139 43.899
413.412 48.898
413.686 49.897
413.959 20.896
414.233 37.896
414.506 60.895
414.780 40.894
415.053 65.893
415.327 46.893
415.600 34.892
415.874 43.891
416.147 32.890
416.421 25.890
416.694 57.889
416.968 81.888
417.241 86.887
417.515 83.887
417.788 68.886
418.062 65.885
418.335 58.884
418.609 73.883
418.882 59.883
419.156 82.882
419.429 15.881
419.703 -27.120
419.976 49.880
420.250 89.879
420.524 75.878
420.797 73.877
421.071 29.876
421.344 31.876
421.618 26.875
421.891 53.874
422.165 31.873
422.438 27.873
422.712 60.872
422.985 46.871
423.259 35.870
423.532 73.869
423.806 61.869
424.079 67.868
424.353 53.867
424.626 95.866
424.900 74.865
425.173 52.865
425.447 80.864
425.720 68.863
425.994 48.862
426.267 62.862
426.541 26.861
426.814 -10.140
427.088 35.859
427.361 76.858
427.635 90.858
427.908 120.857
428.182 74.856
428.455 54.855
428.729 51.854
429.002 57.854
429.276 36.853
429.549 33.852
429.823 40.851
430.096 45.850
430.370 67.849
430.643 91.849
430.917 40.848
431.190 28.847
431.464 30.846
431.737 42.845
432.011 58.845
432.284 49.844
432.558 44.843
432.831 41.842
433.105 76.841
433.378 85.841
433.652 52.840
433.925 56.839
434.199 21.838
434.472 49.837
434.746 51.836
435.019 47.836
435.293 56.835
435.566 22.834
435.840 30.833
436.118 94.832
436.395 94.832
436.673 66.831
436.951 43.830
437.228 50.829
437.506 88.828
437.784 86.827
438.061 81.827
438.339 59.826
438.617 81.825
438.894 109.824
439.172 112.823
439.450 89.822
439.727 68.822
440.005 74.821
440.283 75.820
440.560 56.819
440.838 94.818
441.115 52.817
441.393 56.816
441.671 75.816
441.948 116.815
442.226 59.814
442.504 46.813
442.781 80.812
443.059 83.811
443.337 79.811
443.614 49.810
443.892 84.809
444.170 94.808
444.447 107.807
444.725 128.806
445.003 110.805
445.280 61.805
445.558 87.804
445.836 91.803
446.113 55.802
446.391 39.801
446.669 49.800
446.946 88.799
447.224 106.799
447.502 85.541
447.779 76.491
448.057 75.419
448.335 86.277
448.612 68.316
448.890 14.676
449.168 57.277
449.445 44.392
449.723 89.892
450.001 140.386
450.278 153.257
450.556 92.860
450.834 96.819
451.111 72.066
451.389 46.322
451.666 56.222
451.944 82.045
452.222 82.045
452.499 115.740
452.777 83.116
453.055 90.149
453.332 72.345
453.610 64.456
453.888 81.452
454.165 75.550
454.443 103.569
454.721 101.673
454.998 85.774
455.276 105.985
455.554 100.173
455.831 85.197
456.109 111.439
456.387 99.566
456.664 46.184
456.942 56.388
457.220 89.845
457.497 55.544
457.775 66.767
458.053 103.524
458.330 45.584
458.608 41.552
458.886 91.687
459.163 83.600
459.441 56.049
459.719 44.835
459.996 88.047
460.274 63.471
460.552 71.766
460.829 33.734
461.107 39.953
461.384 58.569
461.662 92.720
461.940 91.780
462.217 35.974
462.495 26.684
462.773 81.605
463.050 50.568
463.328 54.774
463.606 71.387
463.883 62.105
464.161 72.499
464.439 81.854
464.716 71.532
464.994 41.354
465.272 45.516
465.549 68.408
465.827 80.894
466.105 54.878
466.382 49.674
466.660 78.810
466.938 93.377
467.215 99.516
467.493 97.436
467.771 72.487
468.048 96.294
468.326 105.529
468.604 77.520
468.881 66.040
469.159 67.006
469.437 60.731
469.714 109.334
469.992 70.923
470.270 92.499
470.547 106.821
470.825 87.162
471.102 53.156
471.380 91.088
471.658 87.917
471.935 61.187
472.213 49.864
472.491 56.911
472.768 77.261
473.046 80.239
473.324 69.973
473.601 94.316
473.879 126.739
474.157 88.031
474.434 54.472
474.712 48.337
474.990 43.226
475.267 65.493
475.545 88.681
475.823 108.793
476.100 107.673
476.378 95.563
476.656 46.070
476.933 44.053
477.211 68.246
477.489 71.197
477.766 82.274
478.044 71.124
478.322 69.111
478.599 57.037
478.877 70.115
479.155 46.975
479.432 70.113
479.710 85.202
479.988 95.262
480.265 78.158
480.543 107.440
480.820 119.524
481.098 81.255
481.376 84.360
481.653 34.964
481.931 36.979
482.209 49.124
482.486 105.632
482.764 80.485
483.042 17.876
483.319 22.931
483.597 28.014
483.875 57.365
484.152 81.738
484.430 88.829
484.708 65.525
484.985 61.534
485.263 41.291
485.541 75.807
485.818 123.522
486.096 77.915
486.374 23.036
486.651 70.799
486.929 97.320
487.207 73.921
487.484 88.162
487.762 86.126
488.040 44.416
488.317 39.369
488.595 44.460
488.873 49.550
489.150 70.934
489.428 94.355
489.706 83.152
489.983 110.646
490.261 97.407
490.539 56.672
490.816 48.525
491.094 90.183
491.371 85.096
491.649 81.026
491.927 43.340
492.204 66.713
492.482 97.102
492.760 81.872
493.037 62.518
493.315 80.691
493.593 123.243
493.870 85.668
494.148 80.525
494.426 75.468
494.703 43.067
494.981 64.214
495.259 69.188
495.536 70.124
495.814 108.282
496.092 132.293
496.369 94.006
496.647 99.929
496.925 73.776
497.202 79.707
497.480 54.626
497.758 65.494
498.035 109.296
498.313 61.378
498.591 70.271
498.868 103.894
499.146 102.798
499.424 77.918
499.701 54.077
499.979 67.803
500.257 91.427
500.534 78.438
500.812 62.612
501.089 63.532
501.367 50.649
501.645 33.932
501.922 45.606
502.200 56.258
502.478 72.717
502.755 85.303
503.033 74.374
503.311 87.794
503.588 54.742
503.866 17.955
504.144 10.213
504.421 37.079
504.699 52.348
504.977 66.537
505.254 74.997
505.532 64.315
505.810 101.133
506.087 107.569
506.365 61.938
506.643 47.637
506.920 89.756
507.198 68.903
507.476 37.897
507.753 93.743
508.031 110.210
508.309 106.195
508.586 66.158
508.864 72.426
509.142 94.284
509.419 93.107
509.697 68.233
509.975 77.169
510.252 101.618
510.530 108.606
510.808 100.249
511.085 101.876
511.363 84.528
511.640 45.601
511.918 62.619
512.196 108.425
512.473 75.083
512.751 83.992
513.029 100.956
513.306 80.327
513.584 50.684
513.862 73.084
514.139 98.261
514.417 96.466
514.695 100.950
514.972 107.323
515.250 68.784
515.528 66.206
515.805 65.364
516.083 58.261
516.361 108.900
516.638 98.236
516.916 65.775
517.194 89.427
517.471 92.316
517.749 66.071
518.027 67.103
518.304 58.084
518.582 73.757
518.860 73.891
519.137 50.083
519.415 66.734
519.693 96.349
519.970 96.525
520.248 91.992
520.526 81.977
520.803 113.562
521.081 136.985
521.358 152.910
521.636 154.912
521.914 232.553
522.191 329.783
522.469 404.787
522.747 496.753
523.024 557.085
523.302 614.722
523.580 731.511
523.857 844.912
524.135 970.469
524.413 1160.111
524.690 1338.514
524.968 1436.165
525.246 1512.702
525.523 1646.159
525.801 1752.361
526.079 1936.511
526.356 2094.553
526.634 2125.596
526.912 2222.491
527.189 2468.021
527.467 2636.411
527.745 2631.707
528.022 2657.105
528.300 2713.548
528.578 2725.777
528.855 2737.064
529.133 2705.078
529.411 2720.129
529.688 2622.291
529.966 2547.032
530.244 2542.837
530.521 2378.995
530.799 2240.575
531.077 2188.021
531.354 1981.610
531.632 1866.497
531.909 1772.886
532.187 1616.715
532.465 1472.548
532.742 1364.093
533.020 1201.404
533.298 1060.285
533.575 1019.485
533.853 865.217
534.131 706.561
534.408 597.013
534.686 490.875
534.964 405.444
535.241 375.453
535.519 341.493
535.797 271.951
536.074 227.946
536.352 175.040
536.630 160.802
536.907 134.824
537.185 84.354
537.463 89.405
537.740 57.258
538.018 76.015
538.296 68.297
538.573 88.048
538.851 92.165
539.129 73.499
539.406 106.179
539.684 101.337
539.962 122.228
540.239 108.473
540.517 108.579
540.795 117.623
541.072 87.830
541.350 78.892
541.627 54.064
541.905 66.045
542.183 72.008
542.460 71.013
542.738 44.129
543.016 83.849
543.293 118.605
543.571 83.847
543.849 71.858
544.126 72.848
544.404 85.744
544.682 88.719
544.959 104.591
545.237 76.812
545.515 68.874
545.792 55.920
546.070 64.839
546.353 76.730
546.637 43.032
546.920 74.820
547.204 94.660
547.487 94.659
547.770 81.760
548.054 79.854
548.337 100.707
548.621 92.761
548.904 106.769
549.187 125.654
549.471 110.852
549.754 118.811
550.038 107.972
550.321 79.165
550.604 66.269
550.888 56.288
551.171 86.312
551.455 131.397
551.738 101.498
552.021 68.463
552.305 80.555
552.588 92.670
552.871 82.722
553.155 69.738
553.438 63.771
553.722 97.066
554.005 89.098
554.288 83.132
554.572 121.599
554.855 94.420
555.139 44.919
555.422 84.477
555.705 92.675
555.989 79.570
556.272 100.991
556.556 81.763
556.839 107.304
557.122 151.090
557.406 118.623
557.689 67.722
557.973 70.855
558.256 107.735
558.539 135.341
558.823 119.102
559.106 69.018
559.390 67.992
559.673 94.727
559.956 59.853
560.240 85.581
560.523 75.312
560.807 57.917
561.090 107.247
561.373 112.385
561.657 57.912
561.940 43.523
562.223 59.965
562.507 139.100
562.790 131.905
563.074 96.960
563.357 120.597
563.640 104.151
563.924 40.388
564.207 44.493
564.491 49.625
564.774 67.009
565.057 108.033
565.341 96.650
565.624 70.010
565.908 73.082
566.191 104.735
566.474 85.287
566.758 86.221
567.041 109.737
567.325 99.408
567.608 75.914
567.891 66.651
568.175 120.731
568.458 101.239
568.742 70.656
569.025 97.059
569.308 54.288
569.592 53.214
569.875 54.230
570.159 49.092
570.442 81.528
570.725 74.420
571.009 73.329
571.292 95.640
571.576 99.594
571.859 117.711
572.142 89.369
572.426 69.055
572.709 82.115
572.992 94.235
573.276 93.129
573.559 86.985
573.843 78.919
574.126 48.627
574.409 24.432
574.693 49.581
574.976 91.741
575.260 86.627
575.543 70.561
575.826 61.462
576.110 44.365
576.393 21.296
576.677 113.387
576.960 122.272
577.249 130.270
577.538 118.151
577.827 80.107
578.115 60.086
578.404 63.075
578.693 79.943
578.982 131.603
579.271 112.696
579.560 106.619
579.848 122.522
580.137 106.616
580.426 71.752
580.715 55.861
581.004 95.582
581.293 115.327
581.581 100.444
581.870 70.681
582.159 125.243
582.448 109.368
582.737 89.526
583.026 75.635
583.314 117.300
583.603 92.497
583.892 56.781
584.181 58.764
584.470 99.536
584.759 71.729
585.048 90.686
585.336 120.505
585.625 84.803
585.914 63.969
586.203 68.948
586.492 56.054
586.781 79.980
587.069 100.019
587.358 136.081
587.647 107.109
587.936 97.214
588.225 90.213
588.514 94.305
588.802 103.416
589.091 72.353
589.380 63.397
589.669 75.583
589.958 85.718
590.247 82.781
590.536 96.976
590.824 82.945
591.113 133.532
591.402 121.655
591.691 82.263
591.980 46.848
592.269 44.864
592.557 64.217
592.846 105.989
593.135 106.096
593.424 52.123
593.713 28.729
594.002 74.599
594.290 80.713
594.579 88.957
594.868 101.200
595.157 104.260
595.446 68.544
595.735 72.624
596.023 100.071
596.312 80.702
596.601 95.893
596.890 134.451
597.179 94.678
597.468 109.809
597.757 75.137
598.045 54.817
598.334 89.048
598.623 65.747
598.912 44.465
599.201 75.530
599.490 85.407
599.778 65.279
600.067 38.147
600.356 75.994
600.645 52.932
600.934 76.682
601.223 117.319
601.511 98.255
601.800 48.651
602.089 29.808
602.378 83.054
602.667 76.068
602.956 53.331
603.244 66.072
603.533 94.521
603.822 59.063
604.111 98.354
604.400 94.330
604.689 58.018
604.978 77.568
605.266 55.998
605.555 39.329
605.844 73.569
606.133 118.621
606.422 66.710
606.711 65.729
606.999 89.233
607.288 84.335
607.577 81.395
607.866 72.578
608.155 113.713
608.444 115.670
608.732 102.936
609.021 104.893
609.310 77.467
609.599 103.910
609.888 81.381
610.177 68.647
610.466 75.501
610.754 79.417
611.043 91.169
611.332 46.113
611.621 61.783
611.910 108.794
612.199 95.080
612.487 106.831
612.776 83.323
613.065 67.651
613.354 81.361
613.643 64.709
613.932 55.892
614.220 70.582
614.509 78.339
614.798 72.467
615.087 68.551
615.376 80.291
615.665 99.859
615.953 106.706
616.242 92.028
616.531 93.983
616.820 83.218
617.109 39.185
617.398 61.748
617.687 62.665
617.975 98.866
618.264 103.757
618.553 97.885
618.842 65.593
619.131 52.871
619.420 64.611
619.708 81.243
619.997 101.790
620.286 99.831
620.575 57.755
620.864 87.022
621.153 83.110
621.441 94.839
621.730 109.500
622.019 78.141
622.308 82.046
622.597 76.184
622.886 63.425
623.174 76.106
623.463 73.178
623.752 55.561
624.041 83.824
624.330 108.189
624.619 75.049
624.908 90.553
625.196 82.762
625.485 46.733
625.774 45.757
626.063 69.057
626.352 69.055
626.641 47.653
626.929 102.027
627.218 96.100
627.507 77.652
627.796 93.094
628.085 101.723
628.374 87.017
628.662 39.589
628.951 66.511
629.240 79.779
629.529 95.939
629.818 98.533
630.107 75.348
630.396 56.048
630.684 60.627
630.973 61.340
631.262 67.693
631.551 119.921
631.840 143.613
632.129 109.620
632.417 83.210
632.706 81.979
632.995 60.501
633.284 65.702
633.573 44.493
633.862 79.656
634.150 94.624
634.439 53.851
634.728 84.095
635.017 91.822
635.306 85.272
635.595 94.795
635.883 70.669
636.172 109.281
636.461 57.150
636.750 26.292
637.039 42.949
637.328 68.348
637.617 88.522
637.905 85.011
638.194 81.501
638.483 86.839
638.772 59.672
639.061 38.649
639.350 74.871
639.638 85.602
639.927 58.318
640.216 65.570
640.505 104.889
640.794 108.736
641.083 64.304
641.371 66.269
641.660 59.251
641.949 46.786
642.238 61.377
642.527 57.061
642.816 84.513
643.104 68.319
643.393 45.632
643.682 74.196
643.971 73.546
644.260 62.668
644.549 69.258
644.838 48.113
645.126 63.129
645.415 57.706
645.704 51.318
645.993 80.466
646.282 96.668
646.571 116.623
646.859 32.910
647.148 23.509
647.437 36.857
647.726 58.788
648.015 47.470
648.304 86.763
648.592 78.315
648.881 51.617
649.170 66.124
649.459 60.474
649.748 93.466
650.037 113.954
650.326 47.313
650.614 48.373
650.903 74.730
651.192 81.696
651.481 89.666
651.770 121.032
652.059 137.918
652.347 69.492
652.636 36.159
652.925 66.740
653.214 42.173
653.503 59.036
653.792 81.820
654.080 108.605
654.369 112.671
654.658 84.039
654.947 69.239
655.236 58.382
655.525 88.259
655.813 97.300
656.102 79.467
656.391 51.627
656.680 61.657
656.969 46.731
657.258 40.735
657.547 17.774
657.835 73.845
658.124 104.874
658.413 62.893
658.702 43.853
658.991 41.889
659.280 12.799
659.568 36.906
659.857 91.121
660.146 65.014
660.435 67.088
660.724 56.030
661.013 65.073
661.301 60.046
661.590 59.098
661.879 95.313
662.168 84.245
662.457 4.765
662.746 32.932
663.034 69.147
663.323 48.018
663.612 37.956
663.901 58.074
664.190 74.169
664.479 89.257
664.768 63.098
665.056 78.186
665.345 65.105
665.634 45.988
665.923 51.970
666.212 46.943
666.501 56.991
666.789 36.851
667.078 23.796
667.367 32.830
667.656 48.843
667.945 32.793
668.234 52.851
668.522 46.784
668.811 54.797
669.100 67.821
669.389 28.712
669.678 59.741
669.967 55.679
670.256 48.676
670.544 79.594
670.833 87.584
671.122 78.512
671.411 51.564
671.700 32.567
671.989 58.429
672.277 64.403
672.566 72.296
672.855 79.180
673.144 49.357
673.433 45.334
673.722 59.234
674.010 74.054
674.299 72.067
674.588 82.896
674.877 61.089
675.166 72.908
675.455 46.127
675.743 22.386
676.032 55.958
676.321 78.683
676.610 32.206
676.899 50.960
677.188 80.494
677.477 70.629
677.765 61.751
678.054 22.279
678.343 19.321
678.632 71.465
678.921 57.683
679.210 52.708
679.498 50.739
679.787 61.553
680.076 89.977
680.365 65.417
680.654 56.573
680.943 27.075
681.231 38.849
681.520 47.632
681.809 27.041
682.098 18.215
682.387 51.546
682.676 59.329
682.964 52.470
683.253 91.645
683.542 69.116
683.831 55.402
684.120 58.280
684.409 69.041
684.698 52.405
684.986 23.071
685.275 78.896
685.564 73.996
685.853 91.624
686.142 100.436
686.431 100.434
686.719 70.069
687.008 84.758
687.297 42.640
687.586 24.028
687.875 62.224
688.164 89.645
688.452 111.190
688.741 111.188
689.030 79.844
689.319 35.732
689.608 53.342
689.897 51.382
690.186 17.133
690.474 12.238
690.763 51.375
691.052 39.631
691.341 74.927
691.630 40.644
691.919 27.909
692.207 14.194
692.496 19.089
692.785 -13.248
693.074 1.456
693.363 78.904
693.652 75.054
693.940 74.070
694.229 58.366
694.518 69.226
694.807 81.993
695.096 39.790
695.385 22.089
695.673 12.265
695.962 47.696
696.251 70.331
696.540 32.959
696.835 29.044
697.130 70.462
697.425 38.901
697.720 22.155
698.015 23.140
698.310 -9.449
698.605 20.193
698.900 63.669
699.195 61.751
699.490 71.639
699.785 84.579
700.080 62.794
700.375 49.970
700.670 27.172
700.965 65.887
701.260 41.083
701.555 39.135
701.850 84.812
702.145 84.810
702.440 59.046
702.735 82.900
703.030 68.055
703.324 61.087
703.619 62.141
703.914 64.130
704.209 63.132
704.504 79.065
704.799 95.094
705.094 73.157
705.389 26.294
705.684 41.247
705.979 50.217
706.274 47.271
706.569 73.216
706.864 90.269
707.159 42.315
707.454 36.318
707.749 115.351
708.044 91.349
708.339 81.346
708.634 52.343
708.929 42.383
709.224 23.384
709.519 29.393
709.814 86.592
710.109 56.498
710.404 20.408
710.699 53.538
710.994 54.594
711.289 20.420
711.584 3.335
711.879 18.423
712.174 27.474
712.469 46.633
712.764 40.588
713.059 7.352
713.354 38.607
713.649 52.717
713.944 76.907
714.239 73.880
714.534 70.853
714.829 62.786
715.124 34.557
715.419 -2.744
715.714 20.438
716.009 28.500
716.304 76.962
716.598 85.031
716.893 94.205
717.188 74.000
717.483 56.883
717.778 40.743
718.073 15.453
718.368 11.397
718.663 36.760
718.958 52.023
719.253 88.658
719.548 67.382
719.843 60.320
720.138 90.959
720.433 97.072
720.728 86.964
721.023 48.235
721.318 38.018
721.613 76.908
721.908 83.040
722.203 91.310
722.498 69.813
722.793 67.832
723.088 58.608
723.383 64.752
723.678 59.687
723.973 50.454
724.268 52.502
724.563 40.191
724.858 63.778
725.153 89.415
725.448 52.489
725.743 35.014
726.038 25.790
726.333 20.664
726.628 50.322
726.923 66.696
727.218 27.770
727.513 31.856
727.808 55.314
728.103 40.969
728.398 74.563
728.693 67.424
728.988 51.059
729.283 65.246
729.578 40.787
729.873 3.182
730.167 26.526
730.462 15.339
730.757 61.926
731.052 88.176
731.347 66.918
731.642 45.614
731.937 44.554
732.232 40.511
732.527 16.249
732.822 35.382
733.117 65.555
733.412 94.756
733.707 68.501
734.002 16.168
734.297 25.184
734.592 64.273
734.887 47.171
735.182 31.136
735.477 14.085
735.772 44.067
736.067 45.019
736.362 29.003
736.657 38.980
736.952 58.878
737.247 53.836
737.542 66.781
737.837 119.448
738.132 91.584
738.427 53.716
738.722 45.760
739.017 103.309
739.312 82.451
739.607 51.612
739.902 57.561
740.197 41.644
740.492 51.551
740.787 67.339
741.082 100.999
741.377 73.200
741.672 68.184
741.967 78.062
742.262 72.059
742.557 54.233
742.852 70.995
743.147 67.966
743.442 53.184
743.736 64.018
744.031 19.661
744.326 9.815
744.621 56.071
744.916 99.277
745.211 75.675
745.506 71.739
745.801 69.769
746.096 43.174
746.391 23.525
746.686 24.504
746.981 42.141
747.276 50.969
747.571 66.668
747.866 78.364
748.161 59.733
748.456 50.906
748.751 78.277
749.046 123.327
749.341 89.044
749.636 26.331
749.931 10.672
750.226 34.152
750.521 65.460
750.816 36.102
751.111 27.292
751.406 66.428
751.701 49.790
751.996 49.787
752.291 82.073
752.586 78.156
752.881 37.056
753.176 30.204
753.471 62.490
753.766 77.164
754.061 84.092
754.356 48.829
754.651 62.537
754.946 24.336
755.241 36.085
755.536 35.103
755.831 -4.078
756.126 14.513
756.421 49.735
756.716 59.516
757.010 81.039
757.305 59.509
757.600 37.000
757.895 29.169
758.190 -4.099
758.485 35.033
758.780 64.383
759.075 46.767
759.370 16.431
759.665 22.298
759.960 57.576
760.255 30.148
760.550 27.206
760.845 49.778
761.140 60.559
761.435 34.118
761.730 44.954
762.025 34.145
762.320 39.091
762.615 97.101
762.910 83.331
763.205 64.709
763.500 83.406
763.802 20.430
764.104 -8.145
764.406 33.231
764.708 11.564
765.010 48.049
765.312 70.728
765.615 69.807
765.917 85.597
766.219 102.477
766.521 101.485
766.823 71.837
767.125 50.143
767.427 28.379
767.729 89.789
768.031 97.706
768.333 85.821
768.635 77.974
768.937 94.818
769.239 67.064
769.542 49.270
769.844 41.330
770.146 69.103
770.448 65.196
770.750 75.123
771.052 61.277
771.354 34.434
771.656 75.260
771.958 87.197
772.260 51.423
772.562 49.476
772.864 45.530
773.166 33.550
773.468 45.567
773.771 43.609
774.073 58.664
774.375 80.763
774.677 98.795
774.979 75.821
775.281 27.700
775.583 33.754
775.885 25.710
776.187 35.792
776.489 65.028
776.791 33.840
777.093 24.788
777.395 66.223
777.698 42.019
778.000 39.021
778.302 55.267
778.604 62.418
778.906 100.041
779.208 75.748
779.510 85.994
779.812 83.022
780.114 54.561
780.416 37.303
780.718 55.742
781.020 12.806
781.322 3.594
781.625 8.721
781.927 45.640
782.229 67.243
782.531 79.641
782.833 92.064
783.135 77.737
783.437 59.256
783.739 70.665
784.041 81.064
784.343 97.689
784.645 46.026
784.947 20.163
785.249 30.553
785.552 61.733
785.854 54.516
786.156 85.786
786.458 97.329
786.760 35.903
787.062 -2.686
787.364 6.711
787.666 57.969
787.968 73.732
788.270 95.818
788.572 63.385
788.874 71.926
789.176 81.470
789.478 89.982
789.781 59.419
790.083 63.696
790.385 22.576
790.687 13.081
790.989 61.768
791.291 49.117
791.593 34.318
791.895 43.857
792.197 77.869
792.499 53.449
792.801 55.626
793.103 64.123
793.405 73.761
793.708 73.756
794.010 56.791
794.312 82.433
794.614 50.499
794.916 12.074
795.218 71.911
795.520 80.539
795.822 44.218
796.124 43.189
796.426 84.003
796.728 71.199
797.030 72.345
797.332 52.986
797.635 29.356
797.937 32.616
798.239 75.796
798.541 58.594
798.843 82.348
799.145 83.513
799.447 38.144
799.749 27.316
800.051 86.835
800.353 84.757
800.655 63.083
800.957 45.793
801.259 31.688
801.562 2.399
801.864 63.132
802.166 80.568
802.468 54.504
802.770 56.670
803.072 54.494
803.374 52.317
803.676 41.499
803.978 37.146
804.280 23.011
804.582 39.352
804.884 41.524
805.186 25.224
805.488 15.415
805.791 90.672
806.093 101.682
806.395 66.816
806.697 80.012
806.999 97.513
807.301 87.757
807.603 37.368
807.905 47.272
808.207 72.565
808.509 57.192
808.811 106.583
809.113 107.794
809.415 69.327
809.718 74.816
810.020 64.992
810.322 59.486
810.624 47.432
810.926 16.589
811.228 72.831
811.530 86.056
811.834 41.996
812.137 36.512
812.441 6.672
812.744 43.178
813.048 37.683
813.351 54.349
813.655 78.821
813.958 82.146
814.262 64.453
814.565 95.665
814.869 64.586
815.172 51.217
815.476 81.369
815.779 56.900
816.083 74.752
816.386 132.930
816.690 79.382
816.993 -5.641
817.297 42.553
817.600 74.020
817.904 68.480
818.208 132.668
818.511 129.287
818.815 66.364
819.118 37.121
819.422 56.344
819.725 80.040
820.029 22.472
820.332 56.327
820.636 67.607
820.939 52.869
821.243 49.481
821.546 111.356
821.850 86.381
822.153 24.550
822.457 43.574
822.760 82.621
823.064 73.502
823.367 82.241
823.671 56.434
823.974 31.940
824.278 39.555
824.582 61.420
824.885 63.405
825.189 76.306
825.492 59.711
825.796 7.394
826.099 24.680
826.403 84.912
826.706 68.521
827.010 39.345
827.313 35.977
827.617 35.857
827.920 39.927
828.224 37.648
828.527 73.124
828.831 70.725
829.134 57.952
829.438 29.756
829.741 41.998
830.045 108.555
830.348 104.016
830.652 47.578
830.956 37.200
831.259 54.198
831.563 33.874
831.866 75.775
832.170 78.380
832.473 87.984
832.777 108.275
833.080 97.027
833.384 78.934
833.687 30.833
833.991 25.833
834.294 44.989
834.598 58.204
834.901 69.382
835.205 75.628
835.508 66.759
835.812 52.329
836.115 91.404
836.419 93.769
836.722 46.018
837.026 21.813
837.330 33.698
837.633 29.900
837.937 27.982
838.240 37.058
838.544 16.931
838.847 56.072
839.151 64.205
839.454 44.181
839.758 74.203
840.061 106.142
840.365 69.770
840.668 50.714
840.972 63.610
841.275 67.387
841.579 43.671
841.882 23.510
842.186 14.327
842.489 19.922
842.793 19.972
843.097 42.389
843.400 37.830
843.704 9.823
844.007 62.468
844.311 79.604
844.614 59.030
844.918 19.363
845.221 29.830
845.525 57.448
845.828 58.504
846.132 43.342
846.435 46.243
846.739 64.446
847.042 72.088
847.346 37.702
847.649 56.834
847.953 102.762
848.256 58.736
848.560 26.195
848.863 40.543
849.167 51.970
849.471 31.888
849.774 29.014
850.078 66.229
850.381 119.595
850.685 62.278
850.988 50.784
851.292 82.050
851.595 39.231
851.899 29.672
852.202 54.208
852.506 24.850
852.809 42.681
853.113 74.580
853.416 77.251
853.720 28.338
854.023 47.861
854.327 62.619
854.630 24.370
854.934 50.222
855.237 46.426
855.541 7.582
855.845 47.996
856.148 43.275
856.452 44.065
856.755 61.258
857.059 81.085
857.362 77.302
857.666 61.702
857.969 47.131
858.273 25.399
858.576 22.647
858.880 46.859
859.183 62.912
859.487 44.888
859.790 51.058
860.094 50.069
860.397 48.236
860.701 40.137
861.004 24.095
861.308 12.511
861.611 39.090
861.915 54.107
862.219 41.663
862.522 29.216
862.826 66.254
863.129 39.735
863.433 15.905
863.736 -1.721
864.040 27.322
864.343 71.330
864.647 36.993
864.950 5.297
865.254 36.101
865.557 66.083
865.861 90.746
866.164 87.292
866.468 33.494
866.771 31.781
867.075 78.664
867.378 92.001
867.682 62.016
867.985 52.305
868.289 46.169
868.593 28.410
868.896 37.367
869.200 57.020
869.503 61.583
869.807 42.029
870.110 39.405
870.414 83.610
870.717 96.378
871.021 67.638
871.324 56.040
871.628 62.544
871.931 49.003
872.235 22.670
872.538 -11.126
872.842 1.681
873.145 49.562
873.449 67.237
873.752 74.824
874.056 56.508
874.359 75.299
874.663 37.185
874.967 8.229
875.270 53.358
875.574 25.227
875.877 3.552
876.181 17.773
876.484 29.224
876.788 38.833
877.091 18.861
877.395 25.619
877.698 55.440
878.002 57.520
878.305 57.623
878.609 32.614
878.912 66.618
879.216 107.556
879.519 98.116
879.823 92.441
880.126 88.614
880.430 83.883
880.733 55.581
881.037 19.282
881.341 48.792
881.644 50.851
881.948 23.280
882.251 28.231
882.555 26.301
882.858 58.992
883.162 71.006
883.465 60.146
883.769 52.245
884.072 85.125
884.376 59.365
884.679 45.535
884.983 46.527
885.286 85.519
885.590 115.511
885.893 92.503
886.197 78.495
886.500 48.487
886.804 12.479
887.107 26.471
887.411 35.463
887.715 49.455
888.018 78.447
888.322 66.439
888.625 57.430
888.929 48.422
889.232 26.414
889.536 48.406
889.839 41.398
890.143 34.389
890.446 63.381
890.750 52.373
891.053 47.365
891.357 104.356
891.660 70.348
891.964 43.340
892.267 57.331
892.571 58.323
892.874 69.315
893.178 51.306
893.482 56.298
893.785 91.289
894.089 108.281
894.392 101.272
894.696 57.264
894.999 43.255
895.303 26.247
895.606 27.238
895.910 58.230
896.213 76.221
896.517 54.213
896.820 31.204
897.124 31.195
897.427 67.187
897.731 79.178
898.034 74.169
898.338 23.161
898.641 27.152
898.945 55.143
899.248 30.134
899.552 25.126
899.856 51.117
900.159 86.108
900.463 77.099
900.766 56.090
901.070 49.082
901.373 55.073
901.677 57.064
901.980 15.055
902.284 43.046
902.587 98.037
902.891 94.028
903.194 58.019
903.498 40.010
903.801 48.001
904.105 63.992
904.408 70.983
904.712 89.974
905.015 62.964
905.319 26.955
905.622 22.946
905.926 44.937
906.230 62.928
906.533 71.918
906.837 81.909
907.140 64.900
907.444 44.891
907.747 42.881
908.051 46.872
908.354 69.863
908.658 57.853
908.961 26.844
909.265 33.835
909.568 52.825
909.872 7.816
910.175 22.806
910.479 52.797
910.782 65.787
911.086 99.778
911.389 80.768
911.693 91.759
911.996 94.749
912.300 60.739
912.609 59.730
912.918 102.720
913.227 89.710
913.537 52.701
913.846 41.691
914.155 23.681
914.464 24.671
914.773 35.662
915.082 71.652
915.391 91.642
915.700 65.632
916.010 22.622
916.319 30.612
916.628 43.603
916.937 1.593
917.246 19.583
917.555 72.573
917.864 43.563
918.174 16.553
918.483 17.543
918.792 16.533
919.101 14.522
919.410 22.512
919.719 52.502
920.028 56.492
920.337 34.482
920.647 47.472
920.956 55.461
921.265 82.451
921.574 56.441
921.883 56.431
922.192 51.420
922.501 23.410
922.811 31.400
923.120 32.389
923.429 42.379
923.738 91.368
924.047 59.358
924.356 59.348
924.665 69.337
924.974 44.326
925.284 29.316
925.593 58.305
925.902 57.295
926.211 40.284
926.520 50.274
926.829 44.263
927.138 57.252
927.448 92.241
927.757 67.231
928.066 49.220
928.375 39.209
928.684 9.198
928.993 25.188
929.302 30.177
929.611 40.166
929.921 44.155
930.230 41.144
930.539 39.133
930.848 53.122
931.157 42.111
931.466 11.100
931.775 49.089
932.085 47.078
932.394 44.067
932.703 5.056
933.012 70.045
933.321 99.033
933.630 65.022
933.939 51.011
934.248 19.000
934.558 62.988
934.867 40.977
935.176 39.966
935.485 58.954
935.794 52.943
936.103 84.932
936.412 78.920
936.721 61.909
937.031 49.897
937.340 39.886
937.649 41.874
937.958 2.863
938.267 19.851
938.576 16.839
938.885 62.828
939.195 89.816
939.504 48.804
939.813 41.793
940.122 63.781
940.431 60.769
940.740 46.757
941.049 26.745
941.359 26.734
941.668 54.722
941.977 63.710
942.286 28.698
942.595 24.686
942.904 54.674
943.213 70.662
943.522 62.650
943.832 54.638
944.141 68.626
944.450 72.614
944.759 16.601
945.068 11.589
945.377 54.577
945.686 61.565
945.995 33.552
946.305 49.540
946.614 44.528
946.923 34.515
947.232 62.503
947.541 51.491
947.850 71.478
948.159 55.466
948.469 32.453
948.778 3.441
949.087 -2.572
949.396 26.416
949.705 39.403
950.014 61.390
950.323 67.378
950.632 57.365
950.942 67.352
951.251 41.339
951.560 24.327
951.869 20.314
952.178 54.301
952.487 76.288
952.796 88.275
953.106 49.262
953.415 55.249
953.724 83.236
954.033 61.223
954.342 44.210
954.651 46.197
954.960 50.184
955.269 58.171
955.579 84.158
955.888 71.144
956.197 24.131
956.506 59.118
956.815 69.104
957.124 92.091
957.433 84.078
957.743 85.064
958.052 64.051
958.361 69.037
958.670 92.024
958.979 101.010
959.288 47.997
959.597 23.983
959.906 61.970
960.216 73.956
960.525 65.942
960.834 49.928
961.143 55.915
961.452 54.901
961.761 13.887
962.070 -2.127
962.380 14.859
962.689 -9.155
962.998 17.831
963.307 33.817
963.616 42.803
963.925 49.789
964.234 62.775
964.543 80.761
964.853 50.747
965.162 38.733
965.471 59.719
965.780 1.704
966.092 8.690
966.404 65.676
966.716 52.661
967.028 13.647
967.340 47.633
967.652 34.618
967.964 18.604
968.276 45.589
968.588 42.574
968.900 63.560
969.212 59.545
969.524 66.531
969.836 68.516
970.148 70.501
970.460 31.486
970.772 55.471
971.084 27.457
971.396 40.442
971.708 47.427
972.020 61.412
972.332 54.397
972.644 63.382
972.956 80.367
973.268 88.352
973.580 85.337
973.892 46.321
974.204 37.306
974.516 76.291
974.828 99.276
975.140 102.260
975.452 112.245
975.764 98.229
976.076 65.214
976.388 56.199
976.700 69.183
977.012 62.168
977.324 50.152
977.636 42.136
977.948 46.121
978.260 54.105
978.572 84.089
978.884 71.073
979.196 42.058
979.508 25.042
979.820 43.026
980.132 36.010
980.444 24.994
980.756 36.978
981.068 47.962
981.380 63.946
981.692 81.930
982.004 22.914
982.316 12.897
982.628 28.881
982.940 0.865
983.252 4.849
983.564 101.832
983.876 89.816
984.188 42.799
984.500 36.783
984.812 5.766
985.124 -0.250
985.436 24.733
985.748 47.716
986.060 55.700
986.372 60.683
986.684 51.666
986.996 82.649
987.308 68.633
987.620 51.616
987.932 44.599
988.244 58.582
988.556 68.565
988.868 42.548
989.180 71.531
989.492 86.514
989.804 77.496
990.116 80.479
990.428 33.462
990.740 34.445
991.052 41.427
991.364 21.410
991.676 35.392
991.988 63.375
992.300 70.357
992.612 35.340
992.924 35.322
993.236 59.304
993.548 48.287
993.860 41.269
994.172 44.251
994.484 30.233
994.796 0.215
995.108 11.198
995.420 24.180
995.732 15.162
996.044 33.144
996.356 25.125
996.668 34.107
996.980 60.089
997.292 52.071
997.604 40.053
997.916 34.034
998.228 14.016
998.540 27.997
998.852 29.979
999.164 65.960
999.476 59.942
999.788 47.923
1000.100 34.905
1000.412 59.886
1000.724 27.867
1001.036 9.848
1001.348 59.830
1001.660 70.811
1001.972 76.792
1002.284 61.773
1002.596 55.754
1002.908 67.735
1003.220 68.715
1003.532 33.696
1003.844 27.677
1004.156 45.658
1004.468 30.638
1004.780 52.619
1005.092 84.600
1005.404 60.580
1005.716 51.561
1006.028 38.541
1006.340 24.522
1006.652 42.502
1006.964 35.482
1007.276 48.462
1007.588 49.443
1007.900 45.423
1008.212 32.403
1008.524 -4.617
1008.836 6.363
1009.148 25.343
1009.460 58.323
1009.772 81.302
1010.084 45.282
1010.396 52.262
1010.708 61.242
1011.020 49.221
1011.332 54.201
1011.644 52.180
1011.956 72.160
1012.268 91.139
1012.580 84.119
1012.892 57.098
1013.204 38.077
1013.516 50.056
1013.828 78.036
1014.140 64.015
1014.452 62.994
1014.764 34.973
1015.076 45.952
1015.388 56.931
1015.700 49.909
1016.012 34.888
1016.324 31.867
1016.636 52.846
1016.948 32.824
1017.260 35.803
1017.572 77.781
1017.884 108.760
1018.196 78.738
1018.508 32.717
1018.820 56.695
1019.132 25.673
1019.444 52.651
1019.756 103.629
1020.068 61.607
1020.380 33.586
1020.692 66.563
1021.004 74.541
1021.316 42.519
1021.628 18.497
1021.940 14.475
1022.252 42.452
1022.564 22.430
1022.876 33.408
1023.188 77.385
1023.500 72.363
1023.812 43.340
1024.124 38.317
1024.436 22.295
1024.748 10.272
1025.060 28.249
1025.372 29.226
1025.684 47.203
1025.996 18.180
1026.308 35.157
1026.620 62.134
1026.932 55.111
1027.244 35.087
1027.556 34.064
1027.868 27.041
1028.180 48.017
1028.492 40.994
1028.804 75.970
1029.116 48.946
1029.428 75.923
1029.740 102.899
1030.052 48.875
1030.364 34.851
1030.676 69.827
1030.988 55.803
1031.300 41.779
1031.612 49.755
1031.924 46.731
1032.236 46.707
1032.548 33.683
1032.860 60.658
1033.172 50.634
1033.484 58.609
1033.796 65.585
1034.108 17.560
1034.420 37.535
1034.732 48.511
1035.044 -1.514
1035.356 -11.539
1035.668 19.436
1035.980 28.411
1036.292 14.386
1036.604 29.361
1036.916 34.336
1037.228 34.310
1037.540 45.285
1037.852 75.260
1038.164 67.234
1038.476 77.209
1038.788 76.183
1039.100 59.157
1039.412 36.132
1039.724 13.106
1040.036 17.080
1040.348 38.054
1040.660 30.028
1040.972 57.002
1041.284 77.976
1041.596 51.950
1041.908 24.924
1042.220 43.897
1042.532 49.871
1042.844 54.844
1043.156 46.818
1043.468 42.791
1043.780 72.765
1044.092 59.738
1044.404 47.711
1044.716 47.684
1045.028 65.657
1045.340 39.630
1045.652 52.603
1045.964 67.576
1046.276 28.549
1046.588 41.521
1046.900 82.494
1047.212 51.467
1047.524 47.439
1047.836 95.411
1048.148 135.384
1048.460 28.356
1048.772 82.328
1049.084 74.300
1049.396 64.272
1049.708 77.244
1050.020 72.216
1050.332 70.188
1050.644 58.160
1050.956 75.132
1051.268 69.103
1051.580 36.075
1051.892 29.046
1052.204 51.018
1052.516 -24.011
1052.828 49.960
1053.140 33.931
1053.452 9.902
1053.764 49.873
1054.076 41.844
1054.388 37.815
1054.700 13.786
1055.012 38.757
1055.324 38.727
1055.636 45.698
1055.948 25.668
1056.260 9.639
1056.572 61.609
1056.884 57.579
1057.196 39.550
1057.508 43.520
1057.820 40.490
1058.132 33.460
1058.444 21.430
1058.756 -12.601
1059.068 3.369
1059.380 39.339
1059.692 61.308
1060.004 78.278
1060.316 79.247
1060.628 59.216
1060.940 81.186
1061.252 35.155
1061.564 3.124
1061.876 65.093
1062.188 71.062
1062.500 80.031
1062.812 52.999
1063.124 63.968
1063.436 99.937
1063.748 40.905
1064.060 28.874
1064.372 17.842
1064.684 -2.190
1064.996 59.778
1065.308 80.746
1065.620 63.714
1065.932 50.682
1066.244 39.650
1066.556 55.618
1066.868 62.586
1067.180 44.553
1067.492 34.521
1067.804 26.488
1068.116 31.456
1068.428 77.423
1068.740 83.390
1069.052 64.357
1069.364 55.324
1069.676 45.291
1069.988 65.258
1070.300 7.225
1070.612 -13.809
1070.924 65.158
1071.236 61.124
1071.548 27.091
1071.860 42.057
1072.172 51.023
1072.484 42.990
1072.796 55.956
1073.108 47.922
1073.420 37.888
1073.732 36.853
1074.044 43.819
1074.356 22.785
1074.668 26.750
1074.980 48.716
1075.292 34.681
1075.604 51.646
1075.916 67.611
1076.228 44.577
1076.540 45.542
1076.852 30.506
1077.164 50.471
1077.476 55.436
1077.788 49.401
1078.100 59.365
1078.412 72.330
1078.724 61.294
1079.036 1.258
1079.348 12.223
1079.660 24.187
1079.972 21.151
1080.284 20.115
1080.596 56.078
1080.908 33.042
1081.220 21.006
1081.532 44.969
1081.844 61.933
1082.156 44.896
1082.468 23.859
1082.780 10.823
1083.092 44.786
1083.404 31.749
1083.716 26.712
1084.028 54.674
1084.340 56.637
1084.652 56.600
1084.964 56.562
1085.276 49.525
1085.588 15.487
1085.900 7.449
1086.212 63.411
1086.524 80.373
1086.836 17.335
1087.148 46.297
1087.460 46.259
1087.772 38.221
1088.084 53.182
1088.396 33.144
1088.708 7.105
1089.020 9.066
1089.332 41.027
1089.644 77.988
1089.956 79.949
1090.268 70.910
1090.580 52.871
1090.892 52.832
1091.204 73.792
1091.516 11.753
1091.828 -28.287
1092.140 36.674
1092.465 47.634
1092.790 49.594
1093.114 67.554
1093.439 39.514
1093.764 45.474
1094.089 24.433
1094.414 -0.607
1094.739 44.352
1095.063 79.312
1095.388 61.271
1095.713 27.230
1096.038 43.189
1096.363 56.148
1096.688 68.107
1097.012 39.066
1097.337 79.025
1097.662 51.983
1097.987 20.942
1098.312 22.900
1098.637 31.859
1098.961 54.817
1099.286 80.775
1099.611 35.733
1099.936 46.691
1100.261 31.649
1100.586 28.606
1100.910 69.564
1101.235 50.521
1101.560 36.479
1101.885 68.436
1102.210 26.393
1102.535 -6.650
1102.859 27.307
1103.184 47.264
1103.509 84.221
1103.834 93.177
1104.159 62.134
1104.484 37.090
1104.808 19.047
1105.133 23.003
1105.458 56.959
1105.783 42.915
1106.108 45.871
1106.432 28.827
1106.757 49.783
1107.082 32.738
1107.407 19.694
1107.732 30.649
1108.057 59.605
1108.381 43.560
1108.706 17.515
1109.031 18.470
1109.356 21.425
1109.681 16.380
1110.006 10.334
1110.330 24.289
1110.655 23.243
1110.980 39.198
1111.305 47.152
1111.630 26.106
1111.955 38.060
1112.279 23.014
1112.604 18.968
1112.929 13.921
1113.254 -25.125
1113.579 -5.171
1113.904 37.782
1114.228 89.735
1114.553 84.688
1114.878 74.642
1115.203 22.595
1115.528 22.547
1115.853 24.500
1116.177 7.453
1116.502 18.405
1116.827 17.358
1117.152 -11.690
1117.477 8.262
1117.802 40.215
1118.126 -12.833
1118.451 12.118
1118.776 35.070
1119.101 15.022
1119.426 -11.026
1119.751 16.925
1120.075 6.876
1120.400 13.828
1120.725 45.779
1121.050 51.730
1121.375 9.681
1121.699 -9.368
1122.024 -0.417
1122.349 17.533
1122.674 14.484
1122.999 38.434
1123.324 64.384
1123.648 71.335
1123.973 17.285
1124.298 44.235
1124.623 85.185
1124.948 59.134
1125.273 33.084
1125.597 13.034
1125.922 18.983
1126.247 48.933
1126.572 52.882
1126.897 52.831
1127.222 56.780
1127.546 35.729
1127.871 13.678
1128.196 21.626
1128.521 6.575
1128.846 -5.476
1129.171 29.472
1129.495 6.420
1129.820 9.369
1130.145 22.317
1130.470 47.265
1130.795 59.213
1131.120 7.160
1131.444 49.108
1131.769 92.056
1132.094 32.003
1132.419 -5.050
1132.744 -25.102
1133.069 28.845
1133.393 20.792
1133.718 3.739
1134.043 4.686
1134.368 40.633
1134.693 56.579
1135.017 42.526
1135.342 4.472
1135.667 1.419
1135.992 26.365
1136.317 60.311
1136.642 48.257
1136.966 8.203
1137.291 33.149
1137.616 50.094
1137.941 33.040
1138.266 44.986
1138.591 36.931
1138.915 21.876
1139.240 27.822
1139.565 22.767
1139.890 52.712
1140.215 57.657
1140.540 49.602
1140.864 33.546
1141.189 28.491
1141.514 11.436
1141.839 23.380
1142.164 36.324
1142.489 40.269
1142.813 88.213
1143.138 115.157
1143.463 80.101
1143.788 10.045
1144.113 -4.012
1144.438 34.932
1144.762 16.876
1145.087 11.819
1145.412 48.763
1145.737 68.706
1146.062 6.649
1146.387 8.592
1146.711 28.535
1147.036 54.478
1147.361 36.421
1147.686 15.364
1148.011 18.307
1148.335 25.249
1148.660 20.192
1148.985 6.134
1149.310 42.076
1149.635 47.019
1149.960 36.961
1150.284 42.903
1150.609 29.845
1150.934 54.787
1151.259 26.728
1151.584 -1.330
1151.909 4.612
1152.233 42.553
1152.558 50.495
1152.883 39.436
1153.208 36.377
1153.533 24.319
1153.858 10.260
1154.182 8.201
1154.507 37.142
1154.832 25.083
1155.157 43.023
1155.482 74.964
1155.807 65.905
1156.131 61.845
1156.456 78.786
1156.781 59.726
1157.106 46.667
1157.431 36.607
1157.756 15.547
1158.080 16.487
1158.405 14.427
1158.730 26.367
1159.055 22.307
1159.380 26.247
1159.705 46.187
1160.029 43.126
1160.354 2.066
1160.679 15.006
1161.004 28.945
1161.329 21.885
1161.653 17.824
1161.978 18.763
1162.303 17.702
1162.628 6.642
1162.953 -6.419
1163.278 21.520
1163.602 31.459
1163.927 36.398
1164.252 29.336
1164.577 -8.725
1164.902 -12.786
1165.227 66.153
1165.551 52.091
1165.876 35.030
1166.201 7.968
1166.526 11.907
1166.851 0.845
1167.176 11.784
1167.500 57.722
1167.825 21.660
1168.150 30.598
1168.475 76.537
1168.800 62.475
1169.125 47.413
1169.449 20.351
1169.774 45.289
1170.099 30.227
1170.424 -4.835
1170.749 17.102
1171.074 50.040
1171.398 57.978
1171.723 41.916
1172.048 27.853
1172.373 23.791
1172.698 16.729
1173.023 26.666
1173.347 -9.396
1173.672 -12.459
1173.997 22.479
1174.322 -3.584
1174.647 22.354
1174.972 57.291
1175.296 74.229
1175.621 37.166
1175.946 11.103
1176.271 2.041
1176.596 14.978
1176.920 43.915
1177.245 53.853
1177.570 58.790
1177.895 53.727
1178.220 41.664
1178.545 27.601
1178.869 27.539
1179.194 9.476
1179.519 41.413
1179.844 44.350
1180.169 -5.713
1180.494 11.224
1180.818 32.161
1181.143 13.099
1181.468 17.036
1181.793 11.973
1182.118 4.910
1182.443 5.847
1182.767 19.784
1183.092 44.721
1183.417 42.659
1183.742 41.596
1184.067 38.533
1184.392 37.470
1184.716 21.407
1185.041 33.344
1185.366 7.282
1185.691 -10.781
1186.016 -2.844
1186.341 31.093
1186.665 62.031
1186.990 42.968
1187.315 48.905
1187.640 7.843
1187.965 -1.220
1188.290 42.717
1188.614 60.655
1188.939 36.592
1189.264 -16.470
1189.589 1.467
1189.914 16.405
1190.238 33.343
1190.563 36.280
1190.888 71.218
1191.213 62.156
1191.538 28.093
1191.863 40.031
1192.187 46.969
1192.512 5.907
1192.837 -7.155
1193.162 22.783
1193.487 43.721
1193.812 29.659
1194.136 30.598
1194.461 14.536
1194.786 1.474
1195.111 -11.587
1195.436 3.351
1195.761 -4.710
1196.085 13.228
1196.410 42.167
1196.735 46.106
1197.060 57.044
1197.385 25.983
1197.710 21.922
1198.034 57.861
1198.359 24.800
1198.684 20.740
1199.009 30.679
1199.334 -0.382
1199.659 20.558
1199.983 49.497
1200.308 17.437
1200.633 -4.623
1200.958 29.317
1201.283 46.257
1201.608 21.197
1201.932 2.137
1202.257 46.077
1202.582 65.017
1202.907 41.958
1203.232 30.898
1203.556 1.839
1203.881 -4.220
1204.206 61.721
1204.531 41.662
1204.856 1.603
1205.181 14.544
1205.505 -2.514
1205.830 27.427
1206.155 62.369
1206.480 19.311
1206.805 -4.747
1207.130 15.195
1207.454 3.137
1207.779 -20.921
1208.104 -17.978
1208.429 20.965
1208.754 88.907
1209.079 58.850
1209.403 13.793
1209.728 2.737
1210.053 11.680
1210.378 18.624
1210.703 33.567
1211.028 19.511
1211.352 -3.545
1211.677 17.399
1212.002 23.344
1212.327 17.288
1212.652 35.233
1212.977 33.178
1213.301 36.123
1213.626 28.068
1213.951 27.013
1214.276 31.959
1214.601 1.905
1214.926 -18.149
1215.250 41.797
1215.575 59.743
1215.900 35.690
1216.225 32.636
1216.550 18.583
1216.875 11.531
1217.199 59.478
1217.524 43.425
1217.849 33.373
1218.174 -6.679
1218.499 14.269
1218.823 67.218
1219.148 71.166
1219.473 33.115
1219.798 10.064
1220.123 -23.987
1220.448 -10.037
1220.772 69.912
1221.097 45.862
1221.422 45.812
1221.747 51.763
1222.072 18.713
1222.397 20.664
1222.721 0.615
1223.046 22.567
1223.371 19.518
1223.696 2.470
