165.214 -27.100
165.472 -24.100
165.730 -6.100
165.987 -0.100
166.245 -3.100
166.503 -5.100
166.761 5.900
167.019 4.900
167.277 -12.100
167.534 -10.100
167.792 -15.100
168.050 45.900
168.308 8.900
168.566 -24.100
168.824 -7.100
169.081 -41.100
169.339 15.900
169.597 4.900
169.855 6.900
170.113 52.899
170.371 -35.101
170.628 13.899
170.886 -26.101
171.144 -40.101
171.402 -24.101
171.660 24.899
171.917 -15.101
172.175 1.899
172.433 4.899
172.691 -25.101
172.949 -23.101
173.207 -12.101
173.464 3.899
173.722 17.899
173.980 -3.101
174.238 -2.101
174.496 -29.101
174.754 -20.101
175.011 35.898
175.269 51.898
175.527 24.898
175.785 -7.102
176.043 -8.102
176.301 -2.102
176.558 13.898
176.816 4.898
177.074 -39.102
177.332 26.898
177.590 -34.102
177.848 -33.102
178.105 -5.102
178.363 26.898
178.621 65.898
178.879 71.898
179.137 43.898
179.395 22.898
179.652 13.898
179.910 -34.103
180.168 48.897
180.426 -23.103
180.684 -13.103
180.942 -15.103
181.199 -42.103
181.457 7.897
181.715 2.897
181.973 9.897
182.231 -30.103
182.489 -51.103
182.746 -37.103
183.004 20.897
183.262 23.897
183.520 44.897
183.778 40.897
184.036 23.897
184.293 7.897
184.551 -1.104
184.809 -34.104
185.067 -36.104
185.325 55.896
185.583 15.896
185.840 -21.104
186.098 28.896
186.356 -7.104
186.614 20.896
186.872 5.896
187.130 -44.104
187.387 -30.104
187.645 -15.104
187.903 -88.104
188.161 -4.104
188.419 31.896
188.677 24.896
188.934 12.896
189.192 -10.105
189.450 28.895
189.708 -1.105
189.966 -5.105
190.224 -26.105
190.481 13.895
190.739 -15.105
190.997 -13.105
191.255 12.895
191.513 38.895
191.771 32.895
192.028 -8.105
192.286 0.895
192.544 2.895
192.802 -24.105
193.060 -37.105
193.317 26.895
193.575 65.895
193.833 6.894
194.091 -51.106
194.349 -31.106
194.607 7.894
194.864 16.894
195.122 36.894
195.380 -31.106
195.638 -13.106
195.896 5.894
196.154 41.894
196.411 -17.106
196.669 19.894
196.927 -22.106
197.185 -4.106
197.443 3.894
197.701 46.894
197.958 -15.106
198.216 21.894
198.474 45.893
198.732 18.893
198.990 1.893
199.248 -31.107
199.505 -9.107
199.763 -38.107
200.021 -3.107
200.279 -63.107
200.537 -59.107
200.795 16.893
201.052 -9.107
201.310 -21.107
201.568 18.893
201.826 53.893
202.084 29.893
202.342 41.893
202.599 14.893
202.857 27.892
203.115 -17.108
203.373 17.892
203.631 6.892
203.889 29.892
204.146 -5.108
204.404 39.892
204.662 -9.108
204.920 15.892
205.178 41.892
205.436 20.892
205.693 -1.108
205.951 53.892
206.209 35.892
206.467 -22.108
206.725 -21.108
206.983 -8.108
207.240 16.891
207.498 53.891
207.756 -11.109
208.014 6.891
208.272 15.891
208.530 18.891
208.787 13.891
209.045 30.891
209.303 9.891
209.561 -28.109
209.819 -54.109
210.077 -2.109
210.334 0.891
210.592 -26.109
210.850 -16.109
211.108 -1.109
211.366 24.891
211.624 4.890
211.881 29.890
212.139 20.890
212.397 29.890
212.655 54.890
212.913 4.890
213.170 22.890
213.428 38.890
213.686 2.890
213.944 30.890
214.202 22.890
214.460 -1.110
214.717 43.890
214.975 20.890
215.233 16.890
215.491 -19.110
215.749 -0.111
216.007 -27.111
216.264 15.889
216.522 29.889
216.780 -26.111
217.038 40.889
217.296 -1.111
217.554 25.889
217.811 14.889
218.069 -6.111
218.327 15.889
218.585 -11.111
218.843 9.889
219.101 -16.111
219.358 -24.111
219.616 -12.111
219.874 -57.111
220.132 2.888
220.390 22.888
220.648 27.888
220.905 44.888
221.163 8.888
221.421 49.888
221.679 -40.112
221.937 -13.112
222.195 -8.112
222.452 -3.112
222.710 -9.112
222.968 -0.112
223.226 42.888
223.484 4.888
223.742 52.888
223.999 6.888
224.257 -25.113
224.515 51.887
224.773 11.887
225.031 8.887
225.289 -3.113
225.546 -21.113
225.804 29.887
226.062 -20.113
226.320 2.887
226.578 14.887
226.836 -28.113
227.093 -81.113
227.351 6.887
227.609 -15.113
227.867 -8.113
228.125 -35.113
228.383 38.886
228.640 -11.114
228.898 20.886
229.156 -1.114
229.414 8.886
229.672 33.886
229.930 24.886
230.187 -10.114
230.445 9.886
230.703 26.886
230.961 -17.114
231.219 -42.114
231.477 -10.114
231.734 -9.114
231.992 -2.114
232.250 -22.114
232.508 5.885
232.766 21.885
233.024 8.885
233.281 43.885
233.539 13.885
233.797 15.885
234.055 -32.115
234.313 80.885
234.570 27.885
234.828 1.885
235.086 -18.115
235.344 -37.115
235.602 -29.115
235.860 -35.115
236.117 13.885
236.375 60.884
236.633 9.884
236.891 33.884
237.149 -4.116
237.407 29.884
237.664 34.884
237.922 24.884
238.180 55.884
238.438 -6.116
238.696 9.884
238.954 -10.116
239.211 38.884
239.469 20.884
239.727 -13.116
239.985 14.884
240.243 -32.116
240.501 1.883
240.758 26.883
241.016 -17.117
241.274 18.883
241.532 2.883
241.790 25.883
242.048 -14.117
242.305 -37.117
242.563 -26.117
242.821 -3.117
243.079 -46.117
243.337 23.883
243.595 -26.117
243.852 -11.117
244.110 -31.117
244.368 -0.118
244.626 17.882
244.884 -12.118
245.142 -27.118
245.399 -6.118
245.657 17.882
245.915 53.882
246.173 44.882
246.431 -6.118
246.689 26.882
246.946 -15.118
247.204 23.882
247.462 28.882
247.720 30.882
247.978 -31.118
248.236 37.881
248.493 7.881
248.751 45.881
249.009 -15.119
249.267 -41.119
249.525 22.881
249.783 -7.119
250.040 42.881
250.298 23.881
250.556 -18.119
250.814 -27.119
251.072 -3.119
251.330 48.881
251.587 -5.119
251.845 3.880
252.103 41.880
252.361 16.880
252.619 -1.120
252.877 -28.120
253.134 -6.120
253.392 38.880
253.650 -8.120
253.910 13.880
254.170 28.880
254.430 12.880
254.690 -35.120
254.950 -17.120
255.209 21.880
255.469 26.880
255.729 -51.121
255.989 0.879
256.249 16.879
256.509 -37.121
256.769 -7.121
257.029 10.879
257.289 35.879
257.549 14.879
257.809 1.879
258.069 -57.121
258.328 7.879
258.588 -13.121
258.848 9.879
259.108 51.879
259.368 -8.122
259.628 36.878
259.888 19.878
260.148 -31.122
260.408 -29.122
260.668 0.878
260.928 31.878
261.187 21.878
261.447 4.878
261.707 -5.122
261.967 -20.122
262.227 -4.122
262.487 13.878
262.747 -34.122
263.007 1.878
263.267 23.877
263.527 -55.123
263.787 35.877
264.047 -37.123
264.306 -3.123
264.566 12.877
264.826 21.877
265.086 10.877
265.346 21.877
265.606 13.877
265.866 -2.123
266.126 -1.123
266.386 18.877
266.646 22.877
266.906 -5.124
267.165 50.876
267.425 1.876
267.685 -36.124
267.945 -5.124
268.205 11.876
268.465 51.876
268.725 55.876
268.985 12.876
269.245 -4.124
269.505 -19.124
269.765 -29.124
270.024 -2.124
270.284 -23.124
270.544 -46.125
270.804 59.875
271.064 72.875
271.324 83.875
271.584 55.875
271.844 54.875
272.104 15.875
272.364 -29.125
272.624 -60.125
272.884 9.875
273.143 -11.125
273.403 -10.125
273.663 20.875
273.923 1.874
274.183 -8.126
274.443 12.874
274.703 -6.126
274.963 -7.126
275.223 -2.126
275.483 -4.126
275.743 -19.126
276.002 -7.126
276.262 11.874
276.522 -27.126
276.782 0.874
277.042 39.874
277.302 27.874
277.562 -10.127
277.822 -20.127
278.082 -52.127
278.342 15.873
278.602 16.873
278.862 21.873
279.121 0.873
279.381 -21.127
279.641 -20.127
279.901 -35.127
280.161 -10.127
280.421 -19.127
280.681 -78.127
280.941 24.872
281.201 15.872
281.461 -9.128
281.721 9.872
281.980 38.872
282.240 -0.128
282.500 12.872
282.760 20.872
283.020 13.872
283.280 -43.128
283.540 42.872
283.800 7.872
284.060 34.872
284.320 22.872
284.580 11.871
284.840 -32.129
285.099 7.871
285.359 3.871
285.619 -46.129
285.879 -48.129
286.139 -12.129
286.399 -11.129
286.659 26.871
286.919 -35.129
287.179 -3.129
287.439 15.871
287.699 -51.129
287.958 25.870
288.218 -15.130
288.478 20.870
288.738 -16.130
288.998 -17.130
289.258 -3.130
289.518 -34.130
289.778 -23.130
290.038 39.870
290.298 -53.130
290.558 5.870
290.818 -26.130
291.077 9.870
291.337 30.869
291.597 26.869
291.857 7.869
292.117 -37.131
292.377 -18.131
292.637 34.869
292.897 -33.131
293.157 9.869
293.417 -20.131
293.677 -10.131
293.936 46.869
294.196 28.869
294.456 18.868
294.716 -14.132
294.976 -7.132
295.236 20.868
295.496 -0.132
295.756 -26.132
296.016 -17.132
296.276 21.868
296.536 -10.132
296.796 31.868
297.055 1.868
297.315 -1.132
297.575 2.868
297.835 -9.133
298.095 10.867
298.355 9.867
298.615 -11.133
298.875 -30.133
299.135 5.867
299.395 -8.133
299.655 30.867
299.914 -63.133
300.174 -5.133
300.434 -5.133
300.694 -13.133
300.954 -7.133
301.214 5.866
301.474 19.866
301.734 1.866
301.994 13.866
302.254 7.866
302.514 35.866
302.773 9.866
303.033 19.866
303.293 15.866
303.553 13.866
303.813 32.866
304.073 57.866
304.333 9.865
304.593 21.865
304.853 17.865
305.113 -10.135
305.373 -18.135
305.633 2.865
305.892 9.865
306.152 -2.135
306.412 -28.135
306.672 -23.135
306.932 22.865
307.192 24.865
307.452 2.864
307.712 -7.136
307.972 18.864
308.232 13.864
308.492 -6.136
308.751 25.864
309.011 30.864
309.271 10.864
309.531 8.864
309.791 -21.136
310.051 -68.136
310.311 -29.136
310.571 12.863
310.831 12.863
311.091 41.863
311.351 3.863
311.611 9.863
311.870 -5.137
312.130 -26.137
312.390 -1.137
312.650 -22.137
312.910 11.863
313.170 -4.137
313.434 -13.137
313.698 -28.138
313.963 10.862
314.227 29.862
314.491 -6.138
314.755 32.862
315.019 -20.138
315.284 -54.138
315.548 -3.138
315.812 -4.138
316.076 -9.138
316.340 39.862
316.604 -28.138
316.869 -9.139
317.133 5.861
317.397 4.861
317.661 -8.139
317.925 16.861
318.190 -18.139
318.454 -19.139
318.718 43.861
318.982 24.861
319.246 16.861
319.511 -23.139
319.775 -15.139
320.039 24.860
320.303 27.860
320.567 35.860
320.832 -40.140
321.096 13.860
321.360 -32.140
321.624 16.860
321.888 23.860
322.153 -35.140
322.417 56.860
322.681 37.860
322.945 6.859
323.209 -55.141
323.473 -67.141
323.738 -7.141
324.002 -11.141
324.266 40.859
324.530 29.859
324.794 67.859
325.059 43.859
325.323 38.859
325.587 9.859
325.851 -67.141
326.115 -22.142
326.380 -64.142
326.644 -7.142
326.908 16.858
327.172 -2.142
327.436 -24.142
327.701 28.858
327.965 -14.142
328.229 -21.142
328.493 -12.142
328.757 -47.142
329.022 -15.143
329.286 37.857
329.550 13.857
329.814 44.857
330.078 -12.143
330.342 1.857
330.607 -46.143
330.871 62.857
331.135 -15.143
331.399 0.857
331.663 -13.143
331.928 -17.143
332.192 3.856
332.456 1.856
332.720 -1.144
332.984 55.856
333.249 16.856
333.513 7.856
333.777 -29.144
334.041 -64.144
334.305 -3.144
334.570 85.856
334.834 45.856
335.098 25.855
335.362 2.855
335.626 -50.145
335.891 -51.145
336.155 -26.145
336.419 2.855
336.683 -35.145
336.947 0.855
337.211 -15.145
337.476 29.855
337.740 5.855
338.004 -8.146
338.268 -18.146
338.532 -3.146
338.797 -6.146
339.061 -10.146
339.325 29.854
339.589 60.854
339.853 15.854
340.118 -14.146
340.382 -9.146
340.646 -3.146
340.910 -32.147
341.174 -12.147
341.439 -30.147
341.703 -36.147
341.967 -30.147
342.231 29.853
342.495 7.853
342.759 -7.147
343.024 -14.147
343.288 -16.147
343.552 21.852
343.816 5.852
344.080 -7.148
344.345 -16.148
344.609 30.852
344.873 7.852
345.137 73.852
345.401 0.852
345.666 2.852
345.930 -18.148
346.194 2.852
346.458 -33.149
346.722 -30.149
346.987 33.851
347.251 7.851
347.515 41.851
347.779 4.851
348.043 -14.149
348.308 -20.149
348.572 -21.149
348.836 -6.149
349.100 48.851
349.364 27.850
349.628 35.850
349.893 61.850
350.157 27.850
350.421 35.850
350.685 30.850
350.949 60.850
351.214 1.850
351.478 -30.150
351.742 4.850
352.006 -39.151
352.270 -3.151
352.535 25.849
352.799 25.849
353.063 49.849
353.327 60.849
353.591 -11.151
353.856 23.849
354.120 9.849
354.384 0.849
354.648 51.848
354.912 33.848
355.177 -15.152
355.441 12.848
355.705 -51.152
355.969 -7.152
356.233 25.848
356.497 -42.152
356.762 21.848
357.026 -23.152
357.290 21.848
357.554 14.847
357.818 35.847
358.083 -30.153
358.347 4.847
358.611 18.847
358.875 7.847
359.139 -41.153
359.404 -18.153
359.668 31.847
359.932 8.847
360.196 -44.154
360.460 12.846
360.725 50.846
360.989 -11.154
361.253 -20.154
361.517 33.846
361.781 -12.154
362.046 32.846
362.310 59.846
362.574 11.846
362.838 -8.155
363.102 -2.155
363.366 -4.155
363.631 9.845
363.895 13.845
364.159 11.845
364.423 -14.155
364.687 -50.155
364.952 32.845
365.216 44.845
365.480 65.844
365.747 14.844
366.013 35.844
366.280 12.844
366.546 -3.156
366.813 -7.156
367.079 -47.156
367.346 1.844
367.612 24.844
367.879 0.844
368.145 16.843
368.412 -34.157
368.678 -38.157
368.945 -52.157
369.211 18.843
369.478 26.843
369.744 -58.157
370.011 -20.157
370.278 8.843
370.544 -1.158
370.811 18.842
371.077 -26.158
371.344 -10.158
371.610 -45.158
371.877 9.842
372.143 -11.158
372.410 24.842
372.676 19.842
372.943 46.842
373.209 21.841
373.476 13.841
373.742 9.841
374.009 15.841
374.276 10.841
374.542 45.841
374.809 -3.159
375.075 -10.159
375.342 29.841
375.608 39.841
375.875 45.840
376.141 30.840
376.408 11.840
376.674 -2.160
376.941 39.840
377.207 29.840
377.474 -37.160
377.740 -49.160
378.007 45.840
378.273 -33.161
378.540 9.839
378.807 -19.161
379.073 -37.161
379.340 12.839
379.606 19.839
379.873 -22.161
380.139 5.839
380.406 20.839
380.672 18.839
380.939 25.838
381.205 0.838
381.472 -23.162
381.738 2.838
382.005 18.838
382.271 24.838
382.538 -6.162
382.804 -0.162
383.071 -19.162
383.338 2.837
383.604 -12.163
383.871 34.837
384.137 50.837
384.404 14.837
384.670 51.837
384.937 0.837
385.203 33.837
385.470 -3.163
385.736 4.836
386.003 19.836
386.269 24.836
386.536 11.836
386.802 -23.164
387.069 23.836
387.336 -12.164
387.602 -12.164
387.869 27.836
388.135 5.835
388.402 21.835
388.668 1.835
388.935 27.835
389.201 -3.165
389.468 -29.165
389.734 27.835
390.001 18.835
390.267 -10.165
390.534 58.834
390.800 21.834
391.067 21.834
391.333 -18.166
391.600 12.834
391.867 2.834
392.133 13.834
392.400 27.834
392.666 -26.166
392.933 9.833
393.199 -17.167
393.466 6.833
393.732 28.833
393.999 48.833
394.265 17.833
394.532 43.833
394.798 17.833
395.065 8.833
395.331 -4.168
395.598 -23.168
395.864 7.832
396.131 3.832
396.398 -13.168
396.664 20.832
396.931 27.832
397.197 -22.168
397.464 10.832
397.730 -22.169
397.997 -40.169
398.263 26.831
398.530 3.831
398.796 16.831
399.063 16.831
399.329 -5.169
399.596 -8.169
399.862 -9.169
400.129 -30.170
400.396 27.830
400.662 25.830
400.929 -27.170
401.195 16.830
401.462 1.830
401.728 -5.170
401.995 -13.170
402.261 15.830
402.528 -3.171
402.794 -2.171
403.061 47.829
403.327 -29.171
403.594 -42.171
403.860 0.829
404.127 10.829
404.393 13.829
404.660 -1.172
404.934 -10.172
405.207 -5.172
405.481 -0.172
405.754 -29.172
406.028 8.828
406.301 53.828
406.575 38.828
406.848 -63.172
407.122 7.827
407.395 8.827
407.669 40.827
407.942 42.827
408.216 -17.173
408.489 19.827
408.763 42.827
409.036 35.827
409.310 23.826
409.583 -9.174
409.857 70.826
410.130 37.826
410.404 24.826
410.677 -17.174
410.951 -40.174
411.224 -24.174
411.498 8.826
411.771 25.825
412.045 37.825
412.318 15.825
412.592 -19.175
412.865 14.825
413.139 -26.175
413.412 -42.175
413.686 4.825
413.959 -13.176
414.233 37.824
414.506 13.824
414.780 10.824
415.053 34.824
415.327 2.824
415.600 -20.176
415.874 -13.176
416.147 0.823
416.421 -14.177
416.694 -39.177
416.968 20.823
417.241 -6.177
417.515 5.823
417.788 -36.177
418.062 41.823
418.335 -0.178
418.609 -5.178
418.882 9.822
419.156 -24.178
419.429 -22.178
419.703 29.822
419.976 -10.178
420.250 -15.178
420.524 32.822
420.797 5.821
421.071 2.821
421.344 -27.179
421.618 -13.179
421.891 -26.179
422.165 19.821
422.438 33.821
422.712 17.821
422.985 28.820
423.259 24.820
423.532 -1.180
423.806 20.820
424.079 34.820
424.353 25.820
424.626 3.820
424.900 13.820
425.173 10.819
425.447 9.819
425.720 49.819
425.994 35.819
426.267 -3.181
426.541 12.819
426.814 31.819
427.088 35.818
427.361 -4.182
427.635 59.818
427.908 -33.182
428.182 0.818
428.455 28.818
428.729 9.818
429.002 -2.182
429.276 14.817
429.549 1.817
429.823 -5.183
430.096 7.817
430.370 3.817
430.643 18.817
430.917 89.817
431.190 12.817
431.464 -7.184
431.737 6.816
432.011 25.816
432.284 26.816
432.558 22.816
432.831 29.816
433.105 24.816
433.378 55.816
433.652 11.815
433.925 27.815
434.199 36.815
434.472 -6.185
434.746 -18.185
435.019 14.815
435.293 5.815
435.566 22.814
435.840 35.814
436.118 -2.186
436.395 -26.186
436.673 -3.186
436.951 -21.186
437.228 -21.186
437.506 2.814
437.784 -42.187
438.061 12.813
438.339 48.813
438.617 53.813
438.894 9.813
439.172 45.813
439.450 -40.187
439.727 -12.187
440.005 11.812
440.283 -18.188
440.560 -25.188
440.838 4.812
441.115 24.812
441.393 16.812
441.671 24.812
441.948 -11.189
442.226 -54.189
442.504 0.811
442.781 -11.189
443.059 -0.189
443.337 32.811
443.614 34.811
443.892 25.811
444.170 -1.190
444.447 43.810
444.725 4.810
445.003 -4.190
445.280 -6.190
445.558 -5.190
445.836 15.810
446.113 48.809
446.391 8.809
446.669 12.809
446.946 33.809
447.224 29.809
447.502 23.738
447.779 42.638
448.057 -3.176
448.335 17.702
448.612 -1.184
448.890 -37.889
449.168 -6.137
449.445 49.363
449.723 9.711
450.001 54.265
450.278 15.651
450.556 5.750
450.834 -13.062
451.111 0.799
451.389 5.749
451.666 32.482
451.944 11.701
452.222 5.755
452.499 7.737
452.777 45.443
453.055 -13.102
453.332 12.729
453.610 6.772
453.888 25.703
454.165 -23.125
454.443 -45.105
454.721 25.779
454.998 76.805
455.276 20.847
455.554 -21.280
455.831 -21.302
456.109 7.852
456.387 -9.270
456.664 11.911
456.942 -16.376
457.220 33.202
457.497 -13.384
457.775 -7.306
458.053 45.578
458.330 73.119
458.608 46.690
458.886 -23.695
459.163 16.158
459.441 -8.390
459.719 -32.989
459.996 33.678
460.274 34.740
460.552 5.969
460.829 16.274
461.107 4.950
461.384 27.659
461.662 19.423
461.940 30.818
462.217 -22.980
462.495 33.991
462.773 51.607
463.050 -32.364
463.328 -31.360
463.606 -16.822
463.883 -25.156
464.161 2.911
464.439 -15.800
464.716 20.603
464.994 -0.208
465.272 8.116
465.549 51.820
465.827 26.846
466.105 46.617
466.382 -10.615
466.660 44.536
466.938 -45.995
467.215 21.620
467.493 -46.987
467.771 -5.407
468.048 17.444
468.326 -28.218
468.604 1.865
468.881 -45.805
469.159 11.178
469.437 44.258
469.714 -18.824
469.992 -52.841
470.270 -4.333
470.547 24.508
470.825 31.684
471.102 24.457
471.380 8.004
471.658 -5.337
471.935 -6.356
472.213 -8.397
472.491 -25.745
472.768 7.955
473.046 -11.422
473.324 -22.612
473.601 23.189
473.879 47.556
474.157 30.249
474.434 20.076
474.712 -43.775
474.990 -5.269
475.267 4.852
475.545 34.170
475.823 7.873
476.100 -32.499
476.378 32.082
476.656 66.324
476.933 32.050
477.211 14.912
477.489 -28.406
477.766 -21.357
478.044 -35.420
478.322 -12.281
478.599 32.990
478.877 41.038
479.155 9.851
479.432 7.839
479.710 49.086
479.988 -25.361
480.265 -52.524
480.543 -50.563
480.820 11.874
481.098 -30.422
481.376 -2.227
481.653 -52.630
481.931 68.337
482.209 -16.357
482.486 10.888
482.764 -40.616
483.042 3.832
483.319 -15.379
483.597 19.018
483.875 -8.310
484.152 -2.240
484.430 12.958
484.708 42.339
484.985 13.985
485.263 6.892
485.541 -5.291
485.818 -17.474
486.096 -11.394
486.374 -15.459
486.651 -25.622
486.929 -13.441
487.207 8.939
487.484 20.130
487.762 -40.908
488.040 -36.839
488.317 0.801
488.595 2.838
488.873 -8.364
489.150 -25.676
489.428 53.754
489.706 46.625
489.983 64.955
490.261 14.038
490.539 -13.457
490.816 5.891
491.094 4.868
491.371 20.127
491.649 45.559
491.927 21.123
492.204 17.058
492.482 11.964
492.760 4.857
493.037 -30.645
493.315 30.176
493.593 -19.469
493.870 -34.632
494.148 -5.275
494.426 -5.275
494.703 -0.219
494.981 16.935
495.259 35.063
495.536 11.866
495.814 14.872
496.092 7.821
496.369 34.922
496.647 -9.246
496.925 19.821
497.202 -11.230
497.480 21.781
497.758 3.774
498.035 24.707
498.313 30.658
498.591 24.657
498.868 -10.148
499.146 -15.099
499.424 20.595
499.701 5.723
499.979 -19.980
500.257 42.231
500.534 -18.936
500.812 -2.186
501.089 46.981
501.367 34.131
501.645 -14.923
501.922 10.547
502.200 2.713
502.478 29.998
502.755 22.179
503.033 5.610
503.311 -13.781
503.588 -15.689
503.866 -16.624
504.144 12.310
504.421 33.408
504.699 38.137
504.977 11.259
505.254 5.512
505.532 -8.776
505.810 -0.212
506.087 41.455
506.365 33.783
506.643 -10.569
506.920 20.447
507.198 30.689
507.476 17.531
507.753 -12.325
508.031 -44.819
508.309 27.595
508.586 38.609
508.864 30.207
509.142 65.969
509.419 38.290
509.697 11.687
509.975 -17.542
510.252 -21.153
510.530 5.244
510.808 -21.058
511.085 -7.445
511.363 7.925
511.640 -7.419
511.918 24.098
512.196 17.781
512.473 0.694
512.751 5.181
513.029 24.011
513.306 10.557
513.584 -0.205
513.862 60.727
514.139 28.494
514.417 8.763
514.695 -10.968
514.972 -11.876
515.250 -10.090
515.528 -2.007
515.805 2.495
516.083 16.038
516.361 -0.208
516.638 69.475
516.916 29.709
517.194 10.680
517.471 -20.210
517.749 64.452
518.027 -13.897
518.304 -13.009
518.582 16.271
518.860 30.980
519.137 25.498
519.415 5.306
519.693 12.689
519.970 44.106
520.248 71.873
520.526 46.080
520.803 83.194
521.081 88.920
521.358 63.909
521.636 113.271
521.914 180.583
522.191 191.013
522.469 182.788
522.747 219.407
523.024 235.515
523.302 233.862
523.580 267.821
523.857 282.816
524.135 325.295
524.413 327.478
524.690 339.685
524.968 395.083
525.246 451.846
525.523 441.507
525.801 458.424
526.079 500.248
526.356 510.595
526.634 595.261
526.912 573.624
527.189 609.372
527.467 673.342
527.745 659.231
528.022 729.785
528.300 728.844
528.578 709.089
528.855 730.726
529.133 751.422
529.411 674.281
529.688 750.480
529.966 720.377
530.244 711.639
530.521 746.478
530.799 705.989
531.077 668.011
531.354 630.311
531.632 623.358
531.909 656.996
532.187 548.922
532.465 608.097
532.742 550.908
533.020 501.193
533.298 495.497
533.575 515.469
533.853 426.436
534.131 400.532
534.408 413.726
534.686 422.181
534.964 379.805
535.241 301.689
535.519 287.819
535.797 263.533
536.074 281.468
536.352 250.006
536.630 211.619
536.907 209.110
537.185 133.420
537.463 114.130
537.740 104.559
538.018 44.902
538.296 82.355
538.573 71.609
538.851 51.040
539.129 40.231
539.406 41.259
539.684 47.234
539.962 31.439
540.239 71.113
540.517 47.374
540.795 18.622
541.072 -10.176
541.350 46.427
541.627 76.219
541.905 -12.175
542.183 -9.193
542.460 9.693
542.738 -5.212
543.016 -36.990
543.293 -9.185
543.571 -13.157
543.849 33.483
544.126 66.221
544.404 24.554
544.682 66.220
544.959 -27.034
545.237 -0.248
545.515 48.363
545.792 5.698
546.070 33.448
546.353 -2.231
546.637 -23.044
546.920 9.671
547.204 28.520
547.487 19.591
547.770 -17.115
548.054 -16.139
548.337 -44.938
548.621 53.374
548.904 -0.252
549.187 -9.198
549.471 2.733
549.754 13.678
550.038 46.560
550.321 26.666
550.604 -18.218
550.888 -44.166
551.171 31.714
551.455 8.745
551.738 -11.266
552.021 10.755
552.305 31.808
552.588 28.831
552.871 1.751
553.155 67.079
553.438 13.827
553.722 17.868
554.005 -47.638
554.288 -16.405
554.572 27.013
554.855 9.851
555.139 -2.285
555.422 -14.446
555.705 5.823
555.989 -10.415
556.272 3.802
556.556 5.841
556.839 -2.300
557.122 9.919
557.406 -7.400
557.689 71.164
557.973 10.971
558.256 22.229
558.539 -20.716
558.823 -16.643
559.106 13.053
559.390 5.880
559.673 -27.960
559.956 -9.499
560.240 76.733
560.523 35.665
560.807 13.091
561.090 -1.297
561.373 -7.464
561.657 -32.130
561.940 -2.326
562.223 -5.409
562.507 60.367
562.790 15.145
563.074 2.812
563.357 5.895
563.640 -36.243
563.924 -40.313
564.207 -39.286
564.491 -44.420
564.774 21.267
565.057 -51.554
565.341 27.392
565.624 17.146
565.908 23.293
566.191 -16.649
566.474 50.904
566.758 17.110
567.041 25.289
567.325 64.079
567.608 -2.316
567.891 -11.498
568.175 37.482
568.458 -4.351
568.742 -27.796
569.025 -37.952
569.308 -23.695
569.592 -34.862
569.875 16.003
570.159 -12.469
570.442 3.787
570.725 20.031
571.009 -6.359
571.292 -30.700
571.576 -26.617
571.859 -0.274
572.142 11.871
572.426 43.204
572.709 29.019
572.992 10.837
573.276 13.853
573.559 50.129
573.843 38.032
574.126 35.979
574.409 -6.311
574.693 28.900
574.976 -40.476
575.260 26.834
575.543 18.801
575.826 -9.302
576.110 3.733
576.393 9.735
576.677 -6.281
576.960 12.725
577.249 56.725
577.538 -2.273
577.827 -0.275
578.115 4.710
578.404 -1.272
578.693 -17.208
578.982 -53.012
579.271 -10.226
579.560 12.647
579.848 73.283
580.137 12.647
580.426 16.606
580.715 -1.269
581.004 -1.269
581.293 20.557
581.581 -2.261
581.870 -5.237
582.159 -6.229
582.448 8.651
582.737 74.127
583.026 -1.270
583.314 15.595
583.603 -3.254
583.892 11.626
584.181 -23.096
584.470 -9.217
584.759 -8.224
585.048 -7.238
585.336 -17.179
585.625 36.535
585.914 17.647
586.203 -7.254
586.492 -8.258
586.781 -6.264
587.069 14.687
587.358 22.694
587.647 22.693
587.936 20.716
588.225 25.716
588.514 -2.287
588.802 -35.356
589.091 -30.346
589.380 48.861
589.669 3.733
589.958 -28.457
590.247 6.761
590.536 51.123
590.824 -8.362
591.113 -23.522
591.402 3.758
591.691 14.906
591.980 2.751
592.269 -6.384
592.557 -4.358
592.846 22.087
593.135 34.329
593.424 -0.294
593.713 18.054
594.002 2.763
594.290 24.170
594.579 -42.133
594.868 6.847
595.157 13.989
595.446 5.826
595.735 -27.848
596.023 -17.626
596.312 -12.529
596.601 43.491
596.890 81.087
597.179 27.142
597.468 38.282
597.757 30.099
598.045 -13.454
598.334 5.764
598.623 48.140
598.912 4.739
599.201 31.865
599.490 12.744
599.778 -12.319
600.067 -14.295
600.356 -16.262
600.645 -14.238
600.934 31.515
601.223 1.692
601.511 -14.169
601.800 54.162
602.089 25.424
602.378 11.553
602.667 55.920
602.956 -25.909
603.244 26.282
603.533 49.855
603.822 -6.187
604.111 -17.975
604.400 8.539
604.689 -8.144
604.978 -14.019
605.266 44.804
605.555 35.000
605.844 -27.718
606.133 26.151
606.422 -0.294
606.711 -1.274
606.999 36.924
607.288 -6.172
607.577 -10.090
607.866 58.470
608.155 37.902
608.444 39.860
608.732 2.642
609.021 7.539
609.310 -14.009
609.599 11.456
609.888 33.983
610.177 25.167
610.466 -8.134
610.754 45.735
611.043 -21.846
611.332 -42.414
611.621 -10.093
611.910 -14.011
612.199 0.680
612.487 62.384
612.776 -19.889
613.065 38.877
613.354 31.041
613.643 -16.951
613.932 -25.767
614.220 -19.890
614.509 -2.259
614.798 37.859
615.087 -8.130
615.376 -43.355
615.665 -9.109
615.953 7.525
616.242 48.620
616.531 21.223
616.820 17.309
617.109 33.943
617.398 14.387
617.687 14.373
617.975 -7.154
618.264 54.489
618.553 21.221
618.842 13.393
619.131 27.091
619.420 48.617
619.708 -47.273
619.997 28.069
620.286 34.918
620.575 20.241
620.864 42.703
621.153 52.478
621.441 39.770
621.730 -8.128
622.019 -29.605
622.308 -7.144
622.597 7.504
622.886 14.325
623.174 -17.870
623.463 -31.529
623.752 49.398
624.041 9.437
624.330 -3.234
624.619 26.980
624.908 23.059
625.196 30.848
625.485 12.348
625.774 -64.576
626.063 -47.004
626.352 2.607
626.641 -9.066
626.929 0.660
627.218 14.252
627.507 13.280
627.796 9.388
628.085 21.975
628.374 -3.213
628.662 -7.075
628.951 -31.169
629.240 -43.580
629.529 -8.947
629.818 -23.276
630.107 0.645
630.396 22.506
630.684 28.129
630.973 26.133
631.262 -30.409
631.551 61.551
631.840 -22.692
632.129 21.073
632.417 34.851
632.706 -22.421
632.995 50.159
633.284 -19.477
633.573 2.430
633.862 37.747
634.150 1.508
634.439 -25.452
634.728 42.678
635.017 26.468
635.306 36.152
635.595 15.665
635.883 35.959
636.172 38.510
636.461 -24.939
636.750 1.467
637.039 9.367
637.328 -52.045
637.617 -47.659
637.905 11.112
638.194 28.656
638.483 26.047
638.772 7.616
639.061 -0.293
639.350 4.115
639.638 20.906
639.927 47.492
640.216 -13.606
640.505 8.599
640.794 42.520
641.083 16.695
641.371 27.502
641.660 7.791
641.949 15.026
642.238 34.054
642.527 55.048
642.816 -23.055
643.104 42.575
643.393 32.628
643.682 35.469
643.971 19.025
644.260 10.767
644.549 -9.565
644.838 -18.868
645.126 9.916
645.415 12.742
645.704 8.101
645.993 3.429
646.282 9.078
646.571 10.036
646.859 20.452
647.148 12.921
647.437 19.599
647.726 27.241
648.015 44.435
648.304 -16.565
648.592 -7.985
648.881 -1.289
649.170 -27.228
649.459 -6.107
649.748 27.659
650.037 52.857
650.326 49.084
650.614 -11.987
650.903 23.982
651.192 -27.628
651.481 -5.222
651.770 46.581
652.059 46.672
652.347 20.267
652.636 18.322
652.925 44.932
653.214 60.740
653.503 -32.921
653.792 -22.085
654.080 -24.085
654.369 -25.099
654.658 19.474
654.947 37.350
655.236 1.637
655.525 -26.195
655.813 44.426
656.102 45.466
656.391 -10.322
656.680 44.558
656.969 32.614
657.258 15.631
657.547 -3.354
657.835 21.667
658.124 22.668
658.413 28.702
658.702 -16.388
658.991 -24.429
659.280 9.673
659.568 -23.450
659.857 27.754
660.146 78.959
660.435 13.711
660.724 -7.395
661.013 5.670
661.301 1.650
661.590 -37.585
661.879 -51.669
662.168 33.843
662.457 4.668
662.746 -8.411
663.034 18.752
663.323 1.649
663.612 27.805
663.901 31.829
664.190 -2.376
664.479 23.780
664.768 30.822
665.056 -15.456
665.345 -1.372
665.634 14.724
665.923 -3.381
666.212 26.769
666.501 56.920
666.789 48.830
667.078 -5.387
667.367 -39.524
667.656 -33.467
667.945 0.635
668.234 -12.404
668.522 26.686
668.811 39.712
669.100 -21.411
669.389 14.646
669.678 22.654
669.967 5.631
670.256 29.630
670.544 5.624
670.833 -37.333
671.122 -3.364
671.411 -4.362
671.700 -60.191
671.989 35.486
672.277 23.534
672.566 -31.217
672.855 -36.156
673.144 -16.276
673.433 2.608
673.722 -50.024
674.010 -27.157
674.299 -46.007
674.588 -22.176
674.877 -10.283
675.166 -49.877
675.455 -15.209
675.743 41.170
676.032 20.378
676.321 9.508
676.610 8.512
676.899 59.844
677.188 17.378
677.477 19.350
677.765 -4.319
678.054 20.316
678.343 55.783
678.632 22.263
678.921 -20.060
679.210 9.458
679.498 -14.141
679.787 -16.108
680.076 36.952
680.365 15.341
680.654 58.563
680.943 34.952
681.231 17.288
681.520 -8.220
681.809 -25.867
682.098 -19.005
682.387 5.504
682.676 7.458
682.964 12.354
683.253 38.799
683.542 44.675
683.831 -13.112
684.120 2.556
684.409 6.470
684.698 -14.079
684.986 -17.031
685.275 24.104
685.564 -5.279
685.853 11.371
686.142 -9.197
686.431 -10.177
686.719 16.267
687.008 -5.281
687.297 -19.973
687.586 -11.158
687.875 -1.364
688.164 19.203
688.452 9.409
688.741 42.709
689.030 2.552
689.319 43.645
689.608 33.860
689.897 -12.129
690.186 4.505
690.474 -3.323
690.763 -15.065
691.052 14.288
691.341 15.281
691.630 23.116
691.919 -31.732
692.207 -15.082
692.496 -5.288
692.785 -7.255
693.074 31.961
693.363 68.235
693.652 -29.834
693.940 -2.357
694.229 39.841
694.518 11.393
694.807 10.410
695.096 -20.062
695.385 -12.196
695.673 7.477
695.962 -6.303
696.251 20.271
696.540 5.512
696.835 38.062
697.130 45.951
697.425 12.420
697.720 8.483
698.015 4.534
698.310 -27.083
698.605 -13.249
698.900 19.359
699.195 -5.350
699.490 3.552
699.785 -1.396
700.080 7.515
700.375 -2.389
700.670 29.325
700.965 21.417
701.260 26.377
701.555 -11.333
701.850 -5.375
702.145 2.569
702.440 57.243
702.735 46.308
703.030 -7.378
703.324 5.557
703.619 -0.414
703.914 -42.247
704.209 26.478
704.504 21.497
704.799 -55.251
705.094 -8.392
705.389 -39.300
705.684 -5.402
705.979 26.502
706.274 -16.386
706.569 -38.343
706.864 19.560
707.159 -6.414
707.454 -20.401
707.749 -18.421
708.044 -19.422
708.339 6.578
708.634 -39.423
708.929 12.589
709.224 21.620
709.519 -10.445
709.814 -0.426
710.109 27.658
710.404 -2.435
710.699 2.585
710.994 22.687
711.289 17.662
711.584 66.975
711.879 31.763
712.174 62.950
712.469 37.836
712.764 -8.488
713.059 -14.531
713.354 -1.441
713.649 13.679
713.944 31.824
714.239 9.646
714.534 65.089
714.829 44.927
715.124 35.854
715.419 -12.533
715.714 19.724
716.009 -51.849
716.304 31.852
716.598 28.824
716.893 -60.036
717.188 11.681
717.483 -22.686
717.778 1.582
718.073 -13.614
718.368 23.873
718.663 -16.672
718.958 3.616
719.253 -13.658
719.548 -7.568
719.843 11.772
720.138 19.938
720.433 42.364
720.728 9.754
721.023 3.634
721.318 -13.731
721.613 -10.678
721.908 -0.453
722.203 13.875
722.498 -4.549
722.793 33.356
723.088 -0.456
723.383 -27.096
723.678 22.106
723.973 27.234
724.268 25.182
724.563 -35.331
724.858 -46.613
725.153 33.386
725.448 33.386
725.743 36.425
726.038 -4.560
726.333 -6.609
726.628 16.939
726.923 32.291
727.218 9.763
727.513 -13.755
727.808 -8.634
728.103 -17.810
728.398 18.905
728.693 -7.599
728.988 31.105
729.283 -0.463
729.578 11.732
729.873 -22.822
730.167 9.688
730.462 23.877
730.757 -22.754
731.052 16.742
731.347 27.876
731.642 -14.620
731.937 25.798
732.232 13.676
732.527 46.962
732.822 3.567
733.117 -18.592
733.412 -24.635
733.707 -3.484
734.002 5.564
734.297 -19.542
734.592 17.588
734.887 16.568
735.182 4.544
735.477 -4.470
735.772 -33.467
736.067 28.504
736.362 23.485
736.657 26.479
736.952 40.410
737.247 -50.992
737.542 25.702
737.837 0.802
738.132 -55.914
738.427 -35.976
738.722 -31.005
739.017 -35.939
739.312 -6.147
739.607 -21.021
739.902 24.615
740.197 4.770
740.492 -11.086
740.787 -6.124
741.082 5.758
741.377 -14.029
741.672 -15.990
741.967 -12.037
742.262 -41.639
742.557 0.809
742.852 15.603
743.147 -2.146
743.442 0.811
743.736 -2.144
744.031 20.497
744.326 -4.108
744.621 -75.958
744.916 -53.267
745.211 -12.951
745.506 26.381
745.801 0.817
746.096 -10.971
746.391 -1.147
746.686 -19.810
746.981 34.185
747.276 -6.050
747.571 -41.378
747.866 -8.983
748.161 6.704
748.456 65.528
748.751 109.539
749.046 25.309
749.341 3.763
749.636 -14.831
749.931 18.438
750.226 -23.635
750.521 -62.773
750.816 13.548
751.111 -9.934
751.406 -18.739
751.701 -22.652
751.996 7.681
752.291 5.725
752.586 3.769
752.881 9.641
753.176 4.750
753.471 14.535
753.766 -37.323
754.061 -7.975
754.356 -6.016
754.651 -6.994
754.946 24.349
755.241 -0.136
755.536 -0.135
755.831 54.714
756.126 -15.789
756.421 -25.573
756.716 -32.421
757.010 54.664
757.305 1.828
757.600 16.506
757.895 -43.180
758.190 0.851
758.485 -18.716
758.780 -1.103
759.075 35.102
759.370 3.791
759.665 -17.734
759.960 45.913
760.255 -15.791
760.550 -9.913
760.845 -7.961
761.140 -3.058
761.435 9.698
761.730 2.832
762.025 -15.831
762.320 -15.846
762.615 -51.243
762.910 32.337
763.205 -38.496
763.500 9.733
763.802 -26.709
764.104 13.686
764.406 30.435
764.708 14.687
765.010 -22.787
765.312 -15.883
765.615 2.859
765.917 -20.832
766.219 -62.354
766.521 -0.100
766.823 27.569
767.125 0.892
767.427 17.708
767.729 30.597
768.031 -11.976
768.333 12.778
768.635 50.453
768.937 40.543
769.239 20.722
769.542 43.561
769.844 4.872
770.146 44.555
770.448 7.858
770.750 -5.051
771.052 -42.828
771.354 6.875
771.656 -23.963
771.958 59.620
772.260 2.908
772.562 57.747
772.864 4.912
773.166 26.869
773.468 -18.058
773.771 3.925
774.073 -12.086
774.375 35.999
774.677 -18.108
774.979 -27.152
775.281 -22.158
775.583 16.011
775.885 16.013
776.187 -19.182
776.489 -18.193
776.791 -2.081
777.093 3.973
777.395 17.109
777.698 -8.151
778.000 29.292
778.302 32.362
778.604 -6.144
778.906 10.095
779.208 -3.105
779.510 34.533
779.812 32.532
780.114 -8.208
780.416 60.214
780.718 -2.096
781.020 40.892
781.322 -5.172
781.625 27.645
781.927 37.902
782.229 -11.339
782.531 -10.322
782.833 -4.158
783.135 24.675
783.437 -31.999
783.739 8.216
784.041 18.557
784.343 -5.208
784.645 -14.529
784.947 -19.724
785.249 30.049
785.552 -34.301
785.854 -22.900
786.156 23.903
786.458 10.388
786.760 -25.054
787.062 37.552
787.364 -4.205
787.666 -14.669
787.968 45.003
788.270 -5.263
788.572 -52.487
788.874 -18.947
789.176 9.455
789.478 4.198
789.781 48.456
790.083 -8.453
790.385 -10.573
790.687 63.413
790.989 -3.185
791.291 27.533
791.593 36.047
791.895 -1.067
792.197 47.765
792.499 38.212
792.801 38.254
793.103 39.318
793.405 -28.724
793.708 8.511
794.010 -27.687
794.312 4.268
794.614 13.879
794.916 7.477
795.218 -27.771
795.520 -14.965
795.822 -24.615
796.124 -12.850
796.426 -21.447
796.728 -12.875
797.030 -16.114
797.332 10.769
797.635 7.553
797.937 52.821
798.239 -32.342
798.541 -17.257
798.843 19.462
799.145 -27.002
799.447 44.398
799.749 -19.453
800.051 -7.547
800.353 32.533
800.655 26.034
800.957 3.287
801.259 19.557
801.562 68.366
801.864 2.206
802.166 65.185
802.468 49.986
802.770 8.728
803.072 -21.673
803.374 18.502
803.676 13.089
803.978 29.395
804.280 13.092
804.582 18.548
804.884 37.048
805.186 9.857
805.488 20.751
805.791 0.056
806.093 -19.593
806.395 6.616
806.697 24.130
806.999 -2.126
807.301 -15.271
807.603 -5.412
807.905 -30.636
808.207 -25.179
808.509 35.195
808.811 -3.222
809.113 2.270
809.415 -1.025
809.718 -10.914
810.020 18.779
810.322 15.480
810.624 27.613
810.926 39.729
811.228 -41.814
811.530 32.058
811.834 -8.744
812.137 31.027
812.441 74.122
812.744 -4.334
813.048 -12.089
813.351 -20.971
813.655 13.414
813.958 23.404
814.262 28.987
814.565 -11.023
814.869 21.260
815.172 34.625
815.476 30.205
815.779 14.616
816.083 16.849
816.386 19.104
816.690 -18.904
816.993 11.312
817.297 4.599
817.600 3.484
817.904 -20.106
818.208 32.741
818.511 -12.252
818.815 22.646
819.118 31.692
819.422 33.987
819.725 53.176
820.029 24.961
820.332 101.712
820.636 33.993
820.939 -44.961
821.243 -35.940
821.546 18.156
821.850 -20.086
822.153 -8.838
822.457 -33.490
822.760 -3.212
823.064 -26.641
823.367 38.008
823.671 15.685
823.974 45.553
824.278 16.706
824.582 -7.550
824.885 52.783
825.189 1.246
825.492 15.405
825.796 -13.960
826.099 -34.476
826.403 -8.464
826.706 -8.435
827.010 49.357
827.313 -7.295
827.617 10.777
827.920 21.304
828.224 17.005
828.527 24.273
828.831 -8.186
829.134 10.561
829.438 -35.030
829.741 -17.358
830.045 36.102
830.348 31.866
830.652 13.408
830.956 46.776
831.259 44.571
831.563 11.228
831.866 -31.859
832.170 20.094
832.473 -11.730
832.777 -19.568
833.080 10.992
833.384 58.885
833.687 19.652
833.991 20.527
834.294 28.144
834.598 0.179
834.901 -17.012
835.205 -18.813
835.508 -3.600
835.812 -9.226
836.115 2.991
836.419 31.870
836.722 38.217
837.026 -24.769
837.330 -11.785
837.633 29.544
837.937 -14.452
838.240 -39.995
838.544 -3.457
838.847 2.923
839.151 21.120
839.454 -7.086
839.758 48.420
840.061 1.107
840.365 29.368
840.668 -4.367
840.972 -35.480
841.275 -43.793
841.579 -24.611
841.882 45.369
842.186 40.875
842.489 -3.495
842.793 -25.809
843.097 2.080
843.400 48.816
843.704 6.787
844.007 3.042
844.311 -4.488
844.614 -16.786
844.918 48.524
845.221 39.130
845.525 9.739
845.828 -1.670
846.132 -14.076
846.435 34.623
846.739 -6.452
847.042 20.319
847.346 -20.809
847.649 -9.324
847.953 72.975
848.256 6.947
848.560 8.863
848.863 -18.887
849.167 27.022
849.471 -29.382
849.774 15.553
850.078 -56.093
850.381 -26.458
850.685 16.467
850.988 -30.214
851.292 -7.341
851.595 -24.426
851.899 12.588
852.202 -6.355
852.506 31.460
852.809 11.580
853.113 -14.781
853.416 -26.019
853.720 -23.136
854.023 8.677
854.327 21.690
854.630 6.775
854.934 16.017
855.237 7.671
855.541 3.043
855.845 8.551
856.148 -30.884
856.452 -31.712
856.755 -28.889
857.059 34.828
857.362 6.636
857.666 34.674
857.969 0.286
858.273 28.240
858.576 -2.412
858.880 11.969
859.183 12.846
859.487 39.682
859.790 -42.603
860.094 -9.519
860.397 -33.573
860.701 -3.263
861.004 10.075
861.308 -3.251
861.611 -1.473
861.915 -25.385
862.219 -10.317
862.522 -10.297
862.826 -42.060
863.129 0.306
863.433 -40.221
863.736 22.316
864.040 -3.210
864.343 -14.652
864.647 6.476
864.950 5.598
865.254 -25.211
865.557 -25.231
865.861 34.682
866.164 22.369
866.468 -1.439
866.771 10.928
867.075 17.128
867.378 -53.651
867.682 18.064
867.985 -13.862
868.289 14.560
868.593 28.809
868.896 19.059
869.200 10.157
869.503 4.815
869.807 -22.948
870.110 9.328
870.414 -17.648
870.717 43.639
871.021 17.523
871.324 24.818
871.628 33.062
871.931 -16.011
872.235 11.319
872.538 19.586
872.842 8.632
873.145 -17.117
873.449 6.845
873.752 -3.319
874.056 -11.694
874.359 11.575
874.663 47.123
874.967 -5.226
875.270 51.152
875.574 16.426
875.877 -16.607
876.181 9.888
876.484 0.412
876.788 -16.744
877.091 -3.406
877.395 -33.135
877.698 -9.182
878.002 78.462
878.305 10.083
878.609 -7.311
878.912 43.114
879.216 1.411
879.519 -23.924
879.823 -29.828
880.126 -9.327
880.430 62.155
880.733 31.857
881.037 24.032
881.341 40.774
881.644 0.462
881.948 15.258
882.251 18.236
882.555 18.274
882.858 -46.062
883.162 -21.349
883.465 7.430
883.769 22.350
884.072 28.344
884.376 25.412
884.679 11.490
884.983 -26.507
885.286 4.495
885.590 1.497
885.893 -19.501
886.197 6.501
886.500 -12.496
886.804 0.506
887.107 -11.492
887.411 -31.490
887.715 -15.488
888.018 43.515
888.322 32.517
888.625 -15.481
888.929 89.521
889.232 -5.477
889.536 -33.474
889.839 -39.472
890.143 -49.470
890.446 -31.468
890.750 29.535
891.053 27.537
891.357 6.539
891.660 1.541
891.964 37.544
892.267 45.546
892.571 8.548
892.874 4.551
893.178 -0.447
893.482 -4.445
893.785 8.557
894.089 31.560
894.392 10.562
894.696 -21.436
894.999 38.567
895.303 4.569
895.606 -24.429
895.910 2.574
896.213 16.576
896.517 32.578
896.820 59.581
897.124 -15.417
897.427 -15.415
897.731 15.588
898.034 21.590
898.338 6.593
898.641 2.595
898.945 -7.403
899.248 -4.400
899.552 18.602
899.856 0.604
900.159 18.607
900.463 -3.391
900.766 0.612
901.070 -7.386
901.373 38.617
901.677 43.619
901.980 10.621
902.284 27.624
902.587 3.626
902.891 20.629
903.194 19.631
903.498 38.634
903.801 23.636
904.105 0.639
904.408 17.641
904.712 -1.356
905.015 69.646
905.319 3.649
905.622 22.651
905.926 17.654
906.230 4.656
906.533 -3.341
906.837 -39.339
907.140 -16.336
907.444 -21.334
907.747 40.669
908.051 22.671
908.354 8.674
908.658 13.676
908.961 18.679
909.265 -9.319
909.568 24.684
909.872 3.687
910.175 -46.311
910.479 2.692
910.782 -4.306
911.086 -20.303
911.389 37.700
911.693 -19.298
911.996 28.705
912.300 14.707
912.609 28.710
912.918 29.713
913.227 40.715
913.537 35.718
913.846 25.721
914.155 43.723
914.464 -3.274
914.773 13.729
915.082 -15.269
915.391 12.734
915.700 36.737
916.010 81.739
916.319 -14.258
916.628 19.745
916.937 -0.253
917.246 -15.250
917.555 -12.247
917.864 -27.244
918.174 5.758
918.483 20.761
918.792 -3.236
919.101 31.767
919.410 20.769
919.719 0.772
920.028 -4.225
920.337 -70.222
920.647 -32.220
920.956 15.783
921.265 -0.214
921.574 38.789
921.883 16.792
922.192 39.794
922.501 -3.203
922.811 67.800
923.120 3.803
923.429 -20.194
923.738 -15.191
924.047 -1.189
924.356 13.814
924.665 -33.183
924.974 -23.180
925.284 -5.177
925.593 -12.174
925.902 8.829
926.211 17.832
926.520 -22.166
926.829 -50.163
927.138 -35.160
927.448 27.843
927.757 11.846
928.066 46.849
928.375 8.852
928.684 16.855
928.993 -3.142
929.302 17.861
929.611 0.864
929.921 -11.133
930.230 -37.130
930.539 20.873
930.848 -38.124
931.157 0.879
931.466 -3.118
931.775 22.885
932.085 30.888
932.394 27.891
932.703 43.894
933.012 1.897
933.321 -29.100
933.630 35.903
933.939 -11.094
934.248 -34.091
934.558 -13.088
934.867 -48.085
935.176 15.918
935.485 -12.078
935.794 -24.075
936.103 -45.072
936.412 37.931
936.721 -2.066
937.031 -10.063
937.340 20.940
937.649 7.943
937.958 -23.053
938.267 -1.050
938.576 -49.047
938.885 30.956
939.195 23.959
939.504 -25.038
939.813 41.966
940.122 33.969
940.431 35.972
940.740 -19.025
941.049 -12.021
941.359 -51.018
941.668 31.985
941.977 3.988
942.286 18.991
942.595 29.995
942.904 76.998
943.213 33.001
943.522 -1.995
943.832 36.008
944.141 11.011
944.450 6.014
944.759 10.018
945.068 -34.979
945.377 20.024
945.686 -2.972
945.995 -35.969
946.305 -3.965
946.614 -4.962
946.923 8.041
947.232 18.045
947.541 -15.952
947.850 -6.949
948.159 -15.945
948.469 41.058
948.778 63.062
949.087 14.065
949.396 49.068
949.705 -18.928
950.014 -0.925
950.323 25.079
950.632 33.082
950.942 21.086
951.251 -49.911
951.560 -44.907
951.869 -47.904
952.178 -33.900
952.487 48.103
952.796 38.107
953.106 -29.890
953.415 -49.886
953.724 -30.883
954.033 -27.879
954.342 -76.875
954.651 -44.872
954.960 -8.868
955.269 23.135
955.579 -15.861
955.888 -14.858
956.197 35.146
956.506 7.150
956.815 -42.847
957.124 8.157
957.433 22.161
957.743 41.164
958.052 48.168
958.361 35.172
958.670 -20.825
958.979 42.179
959.288 16.183
959.597 15.186
959.906 13.190
960.216 3.194
960.525 -19.802
960.834 -6.799
961.143 11.205
961.452 5.209
961.761 -0.787
962.070 -22.784
962.380 -3.780
962.689 7.224
962.998 47.228
963.307 38.232
963.616 35.235
963.925 13.239
964.234 -15.757
964.543 -16.753
964.853 -6.749
965.162 -15.745
965.471 2.259
965.780 -3.738
966.092 -9.734
966.404 25.270
966.716 10.274
967.028 47.278
967.340 62.282
967.652 10.286
967.964 -10.710
968.276 12.294
968.588 10.298
968.900 11.302
969.212 -22.694
969.524 -7.690
969.836 8.314
970.148 24.318
970.460 -4.678
970.772 -22.674
971.084 -32.670
971.396 -11.666
971.708 9.338
972.020 -21.658
972.332 -0.654
972.644 15.350
972.956 26.355
973.268 1.359
973.580 103.363
973.892 43.367
974.204 13.371
974.516 -5.625
974.828 0.379
975.140 -19.616
975.452 20.388
975.764 61.392
976.076 78.396
976.388 30.400
976.700 27.405
977.012 -8.591
977.324 -52.587
977.636 5.417
977.948 34.422
978.260 -50.574
978.572 0.430
978.884 8.435
979.196 -31.561
979.508 62.443
979.820 0.447
980.132 -11.548
980.444 14.456
980.756 -12.539
981.068 -16.535
981.380 -0.531
981.692 5.474
982.004 -44.522
982.316 14.483
982.628 54.487
982.940 -14.509
983.252 -8.504
983.564 -30.500
983.876 -72.495
984.188 -29.491
984.500 0.514
984.812 -13.482
985.124 36.523
985.436 26.527
985.748 32.532
986.060 -8.464
986.372 -43.459
986.684 19.546
986.996 -5.450
987.308 -27.445
987.620 19.559
987.932 39.564
988.244 -16.431
988.556 17.573
988.868 5.578
989.180 -0.417
989.492 -12.413
989.804 -2.408
990.116 -21.403
990.428 -5.399
990.740 6.606
991.052 63.611
991.364 18.616
991.676 -11.380
991.988 27.625
992.300 28.630
992.612 33.635
992.924 22.639
993.236 26.644
993.548 -29.351
993.860 -11.346
994.172 10.659
994.484 12.664
994.796 10.669
995.108 19.673
995.420 -2.322
995.732 -45.317
996.044 -1.312
996.356 1.693
996.668 -21.302
996.980 -2.297
997.292 -12.292
997.604 3.713
997.916 10.718
998.228 -5.277
998.540 -19.272
998.852 0.733
999.164 16.738
999.476 -34.257
999.788 -0.252
1000.100 25.753
1000.412 33.758
1000.724 65.764
1001.036 12.769
1001.348 -23.226
1001.660 -35.221
1001.972 -5.216
1002.284 16.789
1002.596 28.794
1002.908 -31.200
1003.220 -8.195
1003.532 -14.190
1003.844 -34.185
1004.156 44.821
1004.468 17.826
1004.780 13.831
1005.092 -47.164
1005.404 30.842
1005.716 49.847
1006.028 49.852
1006.340 47.858
1006.652 59.863
1006.964 21.869
1007.276 -21.126
1007.588 6.879
1007.900 -9.115
1008.212 11.890
1008.524 -11.104
1008.836 -23.099
1009.148 34.907
1009.460 16.912
1009.772 4.918
1010.084 8.923
1010.396 7.929
1010.708 0.934
1011.020 48.940
1011.332 -9.055
1011.644 4.951
1011.956 50.956
1012.268 35.962
1012.580 36.968
1012.892 5.973
1013.204 18.979
1013.516 -10.015
1013.828 -48.010
1014.140 25.996
1014.452 -9.998
1014.764 -3.993
1015.076 21.013
1015.388 -23.981
1015.700 66.025
1016.012 -0.970
1016.324 -13.964
1016.636 -11.958
1016.948 13.048
1017.260 1.054
1017.572 -19.940
1017.884 14.066
1018.196 28.071
1018.508 84.077
1018.820 12.083
1019.132 -0.911
1019.444 -6.905
1019.756 -28.899
1020.068 25.107
1020.380 -19.887
1020.692 1.119
1021.004 19.125
1021.316 2.131
1021.628 24.137
1021.940 35.143
1022.252 -6.851
1022.564 38.155
1022.876 11.162
1023.188 -17.832
1023.500 -32.826
1023.812 -31.820
1024.124 -11.814
1024.436 -8.808
1024.748 -9.801
1025.060 19.205
1025.372 20.211
1025.684 -8.783
1025.996 -5.776
1026.308 -9.770
1026.620 -11.764
1026.932 51.243
1027.244 7.249
1027.556 -8.745
1027.868 22.262
1028.180 2.268
1028.492 8.274
1028.804 -8.719
1029.116 -33.713
1029.428 -46.706
1029.740 -50.700
1030.052 45.307
1030.364 14.313
1030.676 69.320
1030.988 46.326
1031.300 26.333
1031.612 -1.661
1031.924 -8.654
1032.236 11.353
1032.548 10.359
1032.860 -9.634
1033.172 -10.627
1033.484 76.379
1033.796 40.386
1034.108 42.393
1034.420 36.399
1034.732 16.406
1035.044 -21.587
1035.356 28.420
1035.668 -23.573
1035.980 33.433
1036.292 71.440
1036.604 43.447
1036.916 31.454
1037.228 5.461
1037.540 -22.532
1037.852 17.475
1038.164 3.482
1038.476 4.489
1038.788 -31.504
1039.100 17.503
1039.412 19.510
1039.724 -0.483
1040.036 -33.476
1040.348 9.531
1040.660 7.538
1040.972 -35.455
1041.284 -28.448
1041.596 -28.441
1041.908 23.566
1042.220 27.573
1042.532 11.581
1042.844 8.588
1043.156 5.595
1043.468 32.602
1043.780 -34.390
1044.092 13.617
1044.404 10.624
1044.716 -29.368
1045.028 -13.361
1045.340 26.646
1045.652 -9.346
1045.964 71.661
1046.276 70.669
1046.588 9.676
1046.900 8.683
1047.212 -15.309
1047.524 -47.302
1047.836 -28.294
1048.148 33.714
1048.460 -14.279
1048.772 32.729
1049.084 -19.264
1049.396 -5.256
1049.708 30.752
1050.020 -1.241
1050.332 26.767
1050.644 4.775
1050.956 3.782
1051.268 18.790
1051.580 -18.202
1051.892 18.806
1052.204 15.813
1052.516 6.821
1052.828 -25.171
1053.140 -26.163
1053.452 -5.155
1053.764 18.853
1054.076 -41.139
1054.388 -4.131
1054.700 48.877
1055.012 11.885
1055.324 -25.107
1055.636 50.901
1055.948 3.909
1056.260 17.917
1056.572 -27.075
1056.884 -39.067
1057.196 -6.059
1057.508 28.949
1057.820 39.957
1058.132 67.966
1058.444 22.974
1058.756 5.982
1059.068 -12.010
1059.380 12.999
1059.692 -20.993
1060.004 6.015
1060.316 -2.976
1060.628 -24.968
1060.940 31.040
1061.252 -10.951
1061.564 -12.943
1061.876 -24.934
1062.188 -50.926
1062.500 -20.917
1062.812 11.091
1063.124 21.100
1063.436 9.108
1063.748 38.117
1064.060 60.125
1064.372 55.134
1064.684 39.143
1064.996 -48.849
1065.308 -40.840
1065.620 7.169
1065.932 -23.822
1066.244 -39.814
1066.556 36.195
1066.868 26.204
1067.180 30.213
1067.492 -8.778
1067.804 -7.770
1068.116 -21.761
1068.428 -8.752
1068.740 38.257
1069.052 -36.734
1069.364 -7.725
1069.676 28.284
1069.988 52.293
1070.300 49.302
1070.612 5.311
1070.924 -17.679
1071.236 -39.670
1071.548 -4.661
1071.860 29.348
1072.172 14.357
1072.484 -46.634
1072.796 -17.624
1073.108 66.385
1073.420 29.394
1073.732 53.404
1074.044 -53.587
1074.356 -15.578
1074.668 46.432
1074.980 22.441
1075.292 -9.549
1075.604 -8.540
1075.916 49.470
1076.228 44.479
1076.540 -19.511
1076.852 -14.502
1077.164 -34.492
1077.476 -26.483
1077.788 26.527
1078.100 41.537
1078.412 -8.454
1078.724 35.556
1079.036 18.566
1079.348 -22.424
1079.660 12.585
1079.972 -28.405
1080.284 -27.395
1080.596 -19.385
1080.908 -1.375
1081.220 -0.365
1081.532 -10.355
1081.844 -5.345
1082.156 -4.335
1082.468 0.675
1082.780 26.685
1083.092 40.695
1083.404 -26.295
1083.716 -28.285
1084.028 10.725
1084.340 -8.265
1084.652 -7.254
1084.964 24.756
1085.276 -15.234
1085.588 -26.224
1085.900 12.787
1086.212 -21.203
1086.524 1.807
1086.836 -17.182
1087.148 -25.172
1087.460 -35.162
1087.772 42.849
1088.084 41.859
1088.396 27.870
1088.708 34.880
1089.020 39.891
1089.332 15.902
1089.644 -20.088
1089.956 4.923
1090.268 -62.066
1090.580 80.944
1090.892 36.955
1091.204 7.966
1091.516 -30.024
1091.828 1.987
1092.140 -29.002
1092.465 -4.991
1092.790 -43.980
1093.114 -10.969
1093.439 -11.958
1093.764 43.053
1094.089 18.064
1094.414 11.075
1094.739 24.086
1095.063 17.097
1095.388 9.108
1095.713 -17.881
1096.038 32.130
1096.363 -10.859
1096.688 -37.847
1097.012 39.164
1097.337 0.175
1097.662 -9.814
1097.987 1.198
1098.312 -16.791
1098.637 -17.780
1098.961 -13.768
1099.286 26.243
1099.611 23.255
1099.936 5.266
1100.261 -14.722
1100.586 10.289
1100.910 36.301
1101.235 73.312
1101.560 -22.676
1101.885 -27.664
1102.210 -35.653
1102.535 0.359
1102.859 -10.629
1103.184 -21.617
1103.509 -32.606
1103.834 6.406
1104.159 -21.582
1104.484 41.430
1104.808 50.442
1105.133 43.454
1105.458 -9.534
1105.783 -4.522
1106.108 6.490
1106.432 51.502
1106.757 5.514
1107.082 4.526
1107.407 -2.462
1107.732 44.550
1108.057 2.562
1108.381 4.575
1108.706 -10.413
1109.031 20.599
1109.356 30.611
1109.681 3.624
1110.006 -3.364
1110.330 13.649
1110.655 30.661
1110.980 -30.327
1111.305 7.686
1111.630 9.698
1111.955 34.711
1112.279 -12.277
1112.604 -5.264
1112.929 3.749
1113.254 19.761
1113.579 60.774
1113.904 30.787
1114.228 42.799
1114.553 -14.188
1114.878 1.825
1115.203 -4.162
1115.528 -40.149
1115.853 46.864
1116.177 16.876
1116.502 9.889
1116.827 43.902
1117.152 26.915
1117.477 25.928
1117.802 -50.059
1118.126 28.955
1118.451 0.968
1118.776 16.981
1119.101 2.994
1119.426 4.007
1119.751 -0.980
1120.075 15.034
1120.400 65.047
1120.725 37.060
1121.050 33.074
1121.375 24.087
1121.699 18.100
1122.024 19.114
1122.349 0.127
1122.674 32.141
1122.999 14.154
1123.324 1.168
1123.648 10.181
1123.973 -1.805
1124.298 -8.791
1124.623 17.222
1124.948 2.236
1125.273 -5.750
1125.597 15.264
1125.922 34.277
1126.247 1.291
1126.572 43.305
1126.897 -26.681
1127.222 -26.667
1127.546 5.347
1127.871 36.361
1128.196 13.375
1128.521 45.389
1128.846 24.403
1129.171 17.417
1129.495 79.431
1129.820 43.445
1130.145 -42.541
1130.470 1.473
1130.795 2.487
1131.120 -24.498
1131.444 -3.484
1131.769 -17.470
1132.094 -6.455
1132.419 -3.441
1132.744 -1.427
1133.069 25.588
1133.393 35.602
1133.718 -6.383
1134.043 -8.369
1134.368 -17.354
1134.693 51.660
1135.017 57.675
1135.342 30.689
1135.667 -3.296
1135.992 -12.281
1136.317 -20.267
1136.642 -6.252
1136.966 9.763
1137.291 -33.222
1137.616 -13.208
1137.941 5.807
1138.266 46.822
1138.591 -21.163
1138.915 -11.148
1139.240 5.867
1139.565 23.882
1139.890 -36.103
1140.215 2.912
1140.540 9.927
1140.864 57.942
1141.189 -24.043
1141.514 37.972
1141.839 55.987
1142.164 2.002
1142.489 10.018
1142.813 -0.967
1143.138 4.048
1143.463 -25.937
1143.788 -27.921
1144.113 21.094
1144.438 -30.891
1144.762 16.125
1145.087 44.140
1145.412 9.156
1145.737 42.171
1146.062 -21.813
1146.387 -5.798
1146.711 2.218
1147.036 -29.767
1147.361 54.249
1147.686 46.264
1148.011 24.280
1148.335 65.296
1148.660 16.311
1148.985 -10.673
1149.310 -53.657
1149.635 40.359
1149.960 -30.626
1150.284 -11.610
1150.609 -13.594
1150.934 46.422
1151.259 6.438
1151.584 41.454
1151.909 47.470
1152.233 13.485
1152.558 29.501
1152.883 23.517
1153.208 4.533
1153.533 4.549
1153.858 -14.434
1154.182 64.582
1154.507 32.598
1154.832 10.614
1155.157 51.630
1155.482 -21.354
1155.807 5.662
1156.131 14.679
1156.456 -20.305
1156.781 58.711
1157.106 65.727
1157.431 14.744
1157.756 -9.240
1158.080 -13.224
1158.405 -22.207
1158.730 -43.191
1159.055 31.825
1159.380 -23.158
1159.705 -8.142
1160.029 -3.125
1160.354 6.891
1160.679 -3.092
1161.004 21.924
1161.329 50.941
1161.653 -48.043
1161.978 -37.026
1162.303 -22.010
1162.628 -39.993
1162.953 -20.977
1163.278 45.040
1163.602 17.057
1163.927 20.073
1164.252 -2.910
1164.577 -12.893
1164.902 -56.877
1165.227 -3.860
1165.551 1.157
1165.876 -9.826
1166.201 40.190
1166.526 -20.793
1166.851 -34.776
1167.176 11.241
1167.500 2.258
1167.825 15.274
1168.150 18.291
1168.475 16.308
1168.800 -26.675
1169.125 -1.658
1169.449 36.359
1169.774 21.376
1170.099 19.393
1170.424 -26.590
1170.749 -38.573
1171.074 -8.556
1171.398 35.461
1171.723 -23.522
1172.048 -12.505
1172.373 92.512
1172.698 30.529
1173.023 20.546
1173.347 28.563
1173.672 25.580
1173.997 56.597
1174.322 26.614
1174.647 -76.369
1174.972 -7.352
1175.296 -8.335
1175.621 37.682
1175.946 39.699
1176.271 23.716
1176.596 5.733
1176.920 5.750
1177.245 17.767
1177.570 36.785
1177.895 -0.198
1178.220 11.819
1178.545 -45.164
1178.869 29.853
1179.194 35.870
1179.519 -5.113
1179.844 -36.095
1180.169 40.922
1180.494 -14.061
1180.818 -4.044
1181.143 16.973
1181.468 -47.010
1181.793 -47.993
1182.118 28.025
1182.443 -11.958
1182.767 14.059
1183.092 55.076
1183.417 5.093
1183.742 14.110
1184.067 7.127
1184.392 -1.855
1184.716 -11.838
1185.041 12.179
1185.366 18.196
1185.691 38.213
1186.016 13.230
1186.341 21.247
1186.665 0.264
1186.990 -4.719
1187.315 -14.701
1187.640 34.316
1187.965 -11.667
1188.290 3.350
1188.614 -12.633
1188.939 27.384
1189.264 18.401
1189.589 82.418
1189.914 35.435
1190.238 13.452
1190.563 29.469
1190.888 23.486
1191.213 -49.497
1191.538 -38.480
1191.863 -22.463
1192.187 -43.446
1192.512 -30.429
1192.837 13.588
1193.162 67.605
1193.487 31.621
1193.812 -11.362
1194.136 -5.345
1194.461 3.672
1194.786 -3.311
1195.111 -12.294
1195.436 5.722
1195.761 43.739
1196.085 23.756
1196.410 -16.227
1196.735 -15.211
1197.060 42.806
1197.385 -19.177
1197.710 -27.161
1198.034 31.856
1198.359 34.873
1198.684 54.889
1199.009 17.906
1199.334 -6.078
1199.659 -12.061
1199.983 3.955
1200.308 -30.028
1200.633 -3.012
1200.958 -11.995
1201.283 84.021
1201.608 36.037
1201.932 -1.946
1202.257 -6.930
1202.582 -9.914
1202.907 -26.898
1203.232 17.119
1203.556 15.135
1203.881 -5.849
1204.206 -13.833
1204.531 33.183
1204.856 22.199
1205.181 38.215
1205.505 23.231
1205.830 -5.753
1206.155 13.263
1206.480 32.279
1206.805 45.295
1207.130 79.310
1207.454 73.326
1207.779 40.342
1208.104 94.358
1208.429 23.373
1208.754 -7.611
1209.079 -18.596
1209.403 20.420
1209.728 19.435
1210.053 -39.549
1210.378 35.466
1210.703 -7.518
1211.028 17.497
1211.352 17.512
1211.677 15.527
1212.002 4.543
1212.327 30.558
1212.652 38.573
1212.977 -0.412
1213.301 -4.397
1213.626 -14.382
1213.951 8.633
1214.276 11.648
1214.601 -22.338
1214.926 -4.323
1215.250 4.692
1215.575 4.706
1215.900 9.721
1216.225 -0.264
1216.550 36.750
1216.875 15.764
1217.199 48.779
1217.524 38.793
1217.849 36.807
1218.174 17.822
1218.499 53.836
1218.823 2.850
1219.148 26.864
1219.473 0.878
1219.798 21.892
1220.123 38.905
1220.448 38.919
1220.772 9.933
1221.097 21.947
1221.422 0.960
1221.747 13.974
1222.072 48.987
1222.397 -4.999
1222.721 45.014
1223.046 9.027
1223.371 27.041
1223.696 13.054
