165.214 30.275
165.472 78.275
165.730 58.274
165.987 43.274
166.245 41.273
166.503 38.273
166.761 28.273
167.019 -3.728
167.277 20.272
167.534 64.272
167.792 63.271
168.050 72.271
168.308 65.270
168.566 67.270
168.824 98.270
169.081 101.269
169.339 43.269
169.597 26.268
169.855 46.268
170.113 26.268
170.371 53.267
170.628 54.267
170.886 87.267
171.144 76.266
171.402 78.266
171.660 38.265
171.917 32.265
172.175 48.265
172.433 43.264
172.691 62.264
172.949 72.263
173.207 47.263
173.464 29.263
173.722 28.262
173.980 49.262
174.238 47.262
174.496 57.261
174.754 50.261
175.011 44.260
175.269 71.260
175.527 76.260
175.785 63.259
176.043 69.259
176.301 77.258
176.558 73.258
176.816 46.258
177.074 10.257
177.332 80.257
177.590 66.256
177.848 48.256
178.105 51.256
178.363 76.255
178.621 85.255
178.879 86.255
179.137 83.254
179.395 58.254
179.652 36.253
179.910 114.253
180.168 130.253
180.426 77.252
180.684 53.252
180.942 65.251
181.199 91.251
181.457 77.251
181.715 28.250
181.973 20.250
182.231 27.249
182.489 32.249
182.746 43.249
183.004 27.248
183.262 12.248
183.520 11.247
183.778 50.247
184.036 40.247
184.293 67.246
184.551 41.246
184.809 10.245
185.067 47.245
185.325 64.245
185.583 51.244
185.840 43.244
186.098 38.243
186.356 32.243
186.614 65.243
186.872 112.242
187.130 81.242
187.387 63.241
187.645 70.241
187.903 91.241
188.161 49.240
188.419 40.240
188.677 49.239
188.934 58.239
189.192 49.239
189.450 42.238
189.708 48.238
189.966 76.237
190.224 78.237
190.481 91.236
190.739 93.236
190.997 36.236
191.255 72.235
191.513 79.235
191.771 85.234
192.028 77.234
192.286 89.234
192.544 59.233
192.802 71.233
193.060 106.232
193.317 129.232
193.575 63.232
193.833 80.231
194.091 32.231
194.349 29.230
194.607 54.230
194.864 43.229
195.122 39.229
195.380 61.229
195.638 83.228
195.896 58.228
196.154 65.227
196.411 45.227
196.669 47.227
196.927 37.226
197.185 36.226
197.443 66.225
197.701 81.225
197.958 82.224
198.216 75.224
198.474 42.224
198.732 59.223
198.990 72.223
199.248 61.222
199.505 43.222
199.763 75.222
200.021 95.221
200.279 51.221
200.537 15.220
200.795 29.220
201.052 38.219
201.310 4.219
201.568 12.219
201.826 48.218
202.084 48.218
202.342 61.217
202.599 63.217
202.857 78.217
203.115 69.216
203.373 88.216
203.631 81.215
203.889 41.215
204.146 35.214
204.404 24.214
204.662 18.214
204.920 50.213
205.178 56.213
205.436 47.212
205.693 60.212
205.951 70.211
206.209 46.211
206.467 5.211
206.725 1.210
206.983 51.210
207.240 56.209
207.498 59.209
207.756 86.208
208.014 87.208
208.272 71.208
208.530 54.207
208.787 31.207
209.045 29.206
209.303 32.206
209.561 52.205
209.819 76.205
210.077 47.204
210.334 40.204
210.592 79.204
210.850 76.203
211.108 50.203
211.366 85.202
211.624 66.202
211.881 67.201
212.139 116.201
212.397 89.201
212.655 55.200
212.913 50.200
213.170 34.199
213.428 51.199
213.686 72.198
213.944 112.198
214.202 71.198
214.460 30.197
214.717 39.197
214.975 81.196
215.233 76.196
215.491 83.195
215.749 56.195
216.007 36.194
216.264 15.194
216.522 39.194
216.780 38.193
217.038 21.193
217.296 73.192
217.554 54.192
217.811 69.191
218.069 85.191
218.327 89.190
218.585 50.190
218.843 54.190
219.101 55.189
219.358 28.189
219.616 49.188
219.874 69.188
220.132 31.187
220.390 48.187
220.648 96.186
220.905 83.186
221.163 85.186
221.421 82.185
221.679 68.185
221.937 60.184
222.195 60.184
222.452 66.183
222.710 69.183
222.968 69.182
223.226 94.182
223.484 54.181
223.742 43.181
223.999 53.181
224.257 37.180
224.515 42.180
224.773 91.179
225.031 103.179
225.289 84.178
225.546 71.178
225.804 67.177
226.062 67.177
226.320 72.176
226.578 51.176
226.836 5.176
227.093 3.175
227.351 39.175
227.609 51.174
227.867 53.174
228.125 58.173
228.383 62.173
228.640 77.172
228.898 78.172
229.156 52.171
229.414 38.171
229.672 60.170
229.930 87.170
230.187 99.170
230.445 70.169
230.703 37.169
230.961 21.168
231.219 99.168
231.477 71.167
231.734 14.167
231.992 49.166
232.250 85.166
232.508 80.165
232.766 32.165
233.024 43.164
233.281 58.164
233.539 33.164
233.797 30.163
234.055 36.163
234.313 45.162
234.570 58.162
234.828 24.161
235.086 38.161
235.344 67.160
235.602 99.160
235.860 52.159
236.117 31.159
236.375 42.158
236.633 59.158
236.891 51.157
237.149 28.157
237.407 22.156
237.664 65.156
237.922 75.156
238.180 61.155
238.438 53.155
238.696 36.154
238.954 34.154
239.211 40.153
239.469 43.153
239.727 42.152
239.985 56.152
240.243 70.151
240.501 69.151
240.758 46.150
241.016 30.150
241.274 61.149
241.532 60.149
241.790 67.148
242.048 78.148
242.305 76.147
242.563 87.147
242.821 82.146
243.079 52.146
243.337 25.145
243.595 33.145
243.852 32.145
244.110 41.144
244.368 23.144
244.626 38.143
244.884 61.143
245.142 92.142
245.399 85.142
245.657 35.141
245.915 3.141
246.173 6.140
246.431 12.140
246.689 44.139
246.946 54.139
247.204 58.138
247.462 68.138
247.720 50.137
247.978 67.137
248.236 79.136
248.493 37.136
248.751 43.135
249.009 66.135
249.267 64.134
249.525 53.134
249.783 83.133
250.040 97.133
250.298 76.132
250.556 38.132
250.814 51.131
251.072 71.131
251.330 25.130
251.587 33.130
251.845 101.129
252.103 143.129
252.361 73.128
252.619 57.128
252.877 72.127
253.134 57.127
253.392 45.126
253.650 32.126
253.910 33.125
254.170 50.125
254.430 77.124
254.690 105.124
254.950 95.123
255.209 64.123
255.469 82.122
255.729 69.122
255.989 50.121
256.249 73.121
256.509 21.120
256.769 2.120
257.029 33.119
257.289 54.119
257.549 75.118
257.809 84.118
258.069 66.117
258.328 64.117
258.588 103.116
258.848 142.116
259.108 65.115
259.368 9.115
259.628 67.114
259.888 80.114
260.148 69.113
260.408 62.113
260.668 61.112
260.928 78.112
261.187 64.111
261.447 44.111
261.707 35.110
261.967 21.110
262.227 19.109
262.487 78.109
262.747 116.108
263.007 87.108
263.267 58.107
263.527 40.107
263.787 51.106
264.047 51.106
264.306 69.105
264.566 57.104
264.826 4.104
265.086 27.103
265.346 47.103
265.606 64.102
265.866 25.102
266.126 -9.899
266.386 42.101
266.646 64.100
266.906 29.100
267.165 68.099
267.425 75.099
267.685 68.098
267.945 79.098
268.205 68.097
268.465 46.097
268.725 29.096
268.985 59.096
269.245 37.095
269.505 29.095
269.765 49.094
270.024 27.094
270.284 59.093
270.544 85.092
270.804 60.092
271.064 46.091
271.324 39.091
271.584 46.090
271.844 60.090
272.104 32.089
272.364 57.089
272.624 66.088
272.884 97.088
273.143 105.087
273.403 100.087
273.663 87.086
273.923 75.086
274.183 40.085
274.443 20.084
274.703 14.084
274.963 51.083
275.223 106.083
275.483 61.082
275.743 41.082
276.002 47.081
276.262 36.081
276.522 64.080
276.782 89.080
277.042 74.079
277.302 67.079
277.562 67.078
277.822 36.077
278.082 65.077
278.342 83.076
278.602 47.076
278.862 37.075
279.121 11.075
279.381 -3.926
279.641 67.074
279.901 67.073
280.161 91.073
280.421 109.072
280.681 38.072
280.941 37.071
281.201 50.070
281.461 69.070
281.721 76.069
281.980 44.069
282.240 53.068
282.500 56.068
282.760 63.067
283.020 76.067
283.280 55.066
283.540 51.065
283.800 60.065
284.060 61.064
284.320 59.064
284.580 67.063
284.840 50.063
285.099 72.062
285.359 82.062
285.619 62.061
285.879 45.060
286.139 43.060
286.399 67.059
286.659 78.059
286.919 83.058
287.179 56.058
287.439 47.057
287.699 76.057
287.958 92.056
288.218 48.055
288.478 52.055
288.738 27.054
288.998 9.054
289.258 51.053
289.518 66.053
289.778 39.052
290.038 34.052
290.298 43.051
290.558 33.050
290.818 46.050
291.077 41.049
291.337 18.049
291.597 7.048
291.857 57.048
292.117 71.047
292.377 57.046
292.637 46.046
292.897 48.045
293.157 98.045
293.417 96.044
293.677 63.044
293.936 73.043
294.196 55.042
294.456 63.042
294.716 55.041
294.976 93.041
295.236 75.040
295.496 59.040
295.756 42.039
296.016 67.038
296.276 54.038
296.536 31.037
296.796 31.037
297.055 29.036
297.315 82.036
297.575 105.035
297.835 69.034
298.095 55.034
298.355 67.033
298.615 78.033
298.875 50.032
299.135 61.031
299.395 37.031
299.655 37.030
299.914 55.030
300.174 53.029
300.434 24.029
300.694 39.028
300.954 27.027
301.214 17.027
301.474 27.026
301.734 57.026
301.994 49.025
302.254 36.024
302.514 46.024
302.773 45.023
303.033 73.023
303.293 82.022
303.553 54.022
303.813 16.021
304.073 43.020
304.333 41.020
304.593 19.019
304.853 23.019
305.113 19.018
305.373 46.017
305.633 74.017
305.892 73.016
306.152 62.016
306.412 77.015
306.672 73.014
306.932 87.014
307.192 90.013
307.452 85.013
307.712 91.012
307.972 88.011
308.232 46.011
308.492 52.010
308.751 47.010
309.011 61.009
309.271 85.008
309.531 79.008
309.791 76.007
310.051 63.007
310.311 47.006
310.571 57.005
310.831 71.005
311.091 63.004
311.351 34.004
311.611 26.003
311.870 31.002
312.130 32.002
312.390 55.001
312.650 46.001
312.910 50.000
313.170 54.999
313.434 52.999
313.698 49.998
313.963 52.997
314.227 66.997
314.491 37.996
314.755 38.996
315.019 88.995
315.284 116.994
315.548 94.994
315.812 72.993
316.076 81.993
316.340 79.992
316.604 71.991
316.869 57.991
317.133 34.990
317.397 49.989
317.661 75.989
317.925 76.988
318.190 56.988
318.454 28.987
318.718 20.986
318.982 39.986
319.246 63.985
319.511 75.984
319.775 82.984
320.039 63.983
320.303 53.983
320.567 45.982
320.832 103.981
321.096 172.981
321.360 68.980
321.624 58.979
321.888 49.979
322.153 52.978
322.417 23.978
322.681 33.977
322.945 68.976
323.209 98.976
323.473 96.975
323.738 63.974
324.002 41.974
324.266 54.973
324.530 79.973
324.794 47.972
325.059 74.971
325.323 113.971
325.587 56.970
325.851 45.969
326.115 47.969
326.380 45.968
326.644 62.967
326.908 75.967
327.172 56.966
327.436 45.966
327.701 92.965
327.965 84.964
328.229 32.964
328.493 54.963
328.757 76.962
329.022 30.962
329.286 12.961
329.550 58.960
329.814 80.960
330.078 41.959
330.342 32.958
330.607 35.958
330.871 67.957
331.135 60.956
331.399 39.956
331.663 44.955
331.928 47.955
332.192 58.954
332.456 66.953
332.720 92.953
332.984 96.952
333.249 43.951
333.513 33.951
333.777 55.950
334.041 91.949
334.305 74.949
334.570 74.948
334.834 58.947
335.098 5.947
335.362 11.946
335.626 42.945
335.891 61.945
336.155 78.944
336.419 42.943
336.683 44.943
336.947 69.942
337.211 47.941
337.476 31.941
337.740 48.940
338.004 84.939
338.268 70.939
338.532 47.938
338.797 45.937
339.061 67.937
339.325 52.936
339.589 36.935
339.853 47.935
340.118 48.934
340.382 71.933
340.646 79.933
340.910 69.932
341.174 61.931
341.439 64.931
341.703 47.930
341.967 28.929
342.231 95.929
342.495 58.928
342.759 50.927
343.024 98.927
343.288 76.926
343.552 39.925
343.816 51.925
344.080 35.924
344.345 71.923
344.609 77.923
344.873 67.922
345.137 55.921
345.401 -7.080
345.666 33.920
345.930 79.919
346.194 62.918
346.458 40.918
346.722 62.917
346.987 66.916
347.251 50.916
347.515 17.915
347.779 21.914
348.043 43.914
348.308 60.913
348.572 57.912
348.836 46.912
349.100 26.911
349.364 47.910
349.628 30.909
349.893 54.909
350.157 76.908
350.421 79.907
350.685 36.907
350.949 20.906
351.214 46.905
351.478 55.905
351.742 89.904
352.006 60.903
352.270 41.902
352.535 42.902
352.799 73.901
353.063 96.900
353.327 86.900
353.591 45.899
353.856 35.898
354.120 44.898
354.384 61.897
354.648 84.896
354.912 50.895
355.177 22.895
355.441 18.894
355.705 31.893
355.969 57.893
356.233 55.892
356.497 72.891
356.762 78.890
357.026 56.890
357.290 61.889
357.554 100.888
357.818 67.888
358.083 38.887
358.347 78.886
358.611 49.885
358.875 30.885
359.139 74.884
359.404 87.883
359.668 56.883
359.932 35.882
360.196 66.881
360.460 76.880
360.725 46.880
360.989 54.879
361.253 71.878
361.517 96.878
361.781 82.877
362.046 47.876
362.310 56.875
362.574 46.875
362.838 47.874
363.102 15.873
363.366 31.872
363.631 44.872
363.895 58.871
364.159 82.870
364.423 64.870
364.687 20.869
364.952 8.868
365.216 29.867
365.480 22.867
365.747 58.866
366.013 64.865
366.280 50.864
366.546 61.864
366.813 75.863
367.079 33.862
367.346 38.861
367.612 45.861
367.879 35.860
368.145 17.859
368.412 29.858
368.678 38.858
368.945 70.857
369.211 88.856
369.478 61.855
369.744 39.855
370.011 48.854
370.278 50.853
370.544 32.852
370.811 22.852
371.077 42.851
371.344 52.850
371.610 102.849
371.877 109.849
372.143 83.848
372.410 93.847
372.676 74.846
372.943 57.846
373.209 22.845
373.476 34.844
373.742 69.843
374.009 63.843
374.276 72.842
374.542 56.841
374.809 64.840
375.075 56.840
375.342 12.839
375.608 9.838
375.875 11.837
376.141 34.837
376.408 49.836
376.674 42.835
376.941 82.834
377.207 53.834
377.474 15.833
377.740 15.832
378.007 67.831
378.273 85.830
378.540 67.830
378.807 18.829
379.073 37.828
379.340 108.827
379.606 97.827
379.873 48.826
380.139 44.825
380.406 21.824
380.672 45.823
380.939 45.823
381.205 56.822
381.472 112.821
381.738 79.820
382.005 40.820
382.271 73.819
382.538 68.818
382.804 38.817
383.071 74.816
383.338 46.816
383.604 23.815
383.871 51.814
384.137 78.813
384.404 92.813
384.670 87.812
384.937 72.811
385.203 25.810
385.470 41.809
385.736 52.809
386.003 62.808
386.269 88.807
386.536 85.806
386.802 85.805
387.069 52.805
387.336 68.804
387.602 73.803
387.869 61.802
388.135 28.801
388.402 31.801
388.668 51.800
388.935 35.799
389.201 -0.202
389.468 21.797
389.734 64.797
390.001 45.796
390.267 32.795
390.534 63.794
390.800 75.793
391.067 59.793
391.333 54.792
391.600 76.791
391.867 96.790
392.133 65.789
392.400 74.789
392.666 92.788
392.933 112.787
393.199 58.786
393.466 27.785
393.732 54.784
393.999 85.784
394.265 48.783
394.532 61.782
394.798 129.781
395.065 98.780
395.331 44.780
395.598 45.779
395.864 97.778
396.131 83.777
396.398 76.776
396.664 25.775
396.931 43.775
397.197 65.774
397.464 64.773
397.730 60.772
397.997 64.771
398.263 57.770
398.530 61.770
398.796 18.769
399.063 2.768
399.329 8.767
399.596 50.766
399.862 74.766
400.129 56.765
400.396 42.764
400.662 74.763
400.929 79.762
401.195 55.761
401.462 81.760
401.728 52.760
401.995 39.759
402.261 64.758
402.528 54.757
402.794 56.756
403.061 65.755
403.327 52.755
403.594 50.754
403.860 50.753
404.127 82.752
404.393 49.751
404.660 37.750
404.934 90.749
405.207 99.749
405.481 59.748
405.754 51.747
406.028 78.746
406.301 60.745
406.575 25.744
406.848 25.744
407.122 37.743
407.395 52.742
407.669 13.741
407.942 8.740
408.216 50.739
408.489 74.738
408.763 38.737
409.036 40.737
409.310 68.736
409.583 66.735
409.857 63.734
410.130 85.733
410.404 98.732
410.677 100.731
410.951 62.731
411.224 31.730
411.498 80.729
411.771 76.728
412.045 87.727
412.318 76.726
412.592 56.725
412.865 34.724
413.139 23.724
413.412 45.723
413.686 44.722
413.959 92.721
414.233 74.720
414.506 45.719
414.780 76.718
415.053 83.717
415.327 109.717
415.600 115.716
415.874 92.715
416.147 65.714
416.421 50.713
416.694 71.712
416.968 34.711
417.241 5.710
417.515 29.709
417.788 65.709
418.062 63.708
418.335 52.707
418.609 72.706
418.882 44.705
419.156 67.704
419.429 63.703
419.703 50.702
419.976 71.701
420.250 90.700
420.524 92.700
420.797 97.699
421.071 82.698
421.344 96.697
421.618 54.696
421.891 56.695
422.165 76.694
422.438 14.693
422.712 5.692
422.985 6.691
423.259 37.690
423.532 68.690
423.806 82.689
424.079 109.688
424.353 93.687
424.626 71.686
424.900 50.685
425.173 55.684
425.447 40.683
425.720 31.682
425.994 54.681
426.267 66.680
426.541 85.679
426.814 86.679
427.088 79.678
427.361 56.677
427.635 72.676
427.908 86.675
428.182 64.674
428.455 54.673
428.729 38.672
429.002 36.671
429.276 46.670
429.549 54.669
429.823 67.668
430.096 79.667
430.370 51.666
430.643 35.666
430.917 55.665
431.190 85.664
431.464 82.663
431.737 68.662
432.011 96.661
432.284 94.660
432.558 50.659
432.831 60.658
433.105 114.657
433.378 109.656
433.652 72.655
433.925 44.654
434.199 58.653
434.472 47.652
434.746 52.651
435.019 84.650
435.293 54.649
435.566 13.648
435.840 65.648
436.118 86.647
436.395 108.646
436.673 77.645
436.951 50.644
437.228 92.643
437.506 120.642
437.784 113.641
438.061 85.640
438.339 75.639
438.617 100.638
438.894 102.637
439.172 112.636
439.450 105.635
439.727 69.634
440.005 70.633
440.283 79.632
440.560 78.631
440.838 79.630
441.115 55.629
441.393 32.628
441.671 74.627
441.948 93.626
442.226 73.625
442.504 104.624
442.781 108.623
443.059 80.622
443.337 60.621
443.614 88.620
443.892 65.619
444.170 62.618
444.447 85.617
444.725 74.616
445.003 73.615
445.280 93.614
445.558 117.613
445.836 105.612
446.113 82.611
446.391 99.610
446.669 67.609
446.946 68.608
447.224 129.607
447.502 95.321
447.779 111.161
448.057 110.054
448.335 85.093
448.612 76.070
448.890 60.121
449.168 67.989
449.445 29.335
449.723 34.256
450.001 84.750
450.278 128.313
450.556 123.362
450.834 138.212
451.111 138.211
451.389 126.329
451.666 134.249
451.944 65.005
452.222 67.978
452.499 78.878
452.777 63.083
453.055 87.970
453.332 94.021
453.610 82.173
453.888 104.167
454.165 107.260
454.443 77.426
454.721 52.528
454.998 52.579
455.276 78.736
455.554 92.949
455.831 74.951
456.109 83.073
456.387 89.288
456.664 74.241
456.942 62.257
457.220 41.064
457.497 8.691
457.775 36.110
458.053 95.186
458.330 63.714
458.608 102.513
458.886 117.022
459.163 78.286
459.441 81.436
459.719 111.231
459.996 68.337
460.274 57.101
460.552 29.381
460.829 22.201
461.107 66.553
461.384 124.412
461.662 87.349
461.940 71.927
462.217 102.021
462.495 99.016
462.773 80.363
463.050 28.578
463.328 62.874
463.606 89.872
463.883 69.174
464.161 75.410
464.439 91.002
464.716 49.472
464.994 62.998
465.272 78.606
465.549 52.590
465.827 14.088
466.105 32.817
466.382 24.491
466.660 58.829
466.938 82.762
467.215 62.924
467.493 48.370
467.771 26.539
468.048 45.202
468.326 26.482
468.604 17.145
468.881 49.250
469.159 62.655
469.437 47.078
469.714 67.759
469.992 77.938
470.270 30.434
470.547 52.029
470.825 90.040
471.102 74.530
471.380 102.173
471.658 108.221
471.935 60.978
472.213 71.150
472.491 65.896
472.768 62.766
473.046 118.766
473.324 85.039
473.601 32.052
473.879 45.230
474.157 102.036
474.434 82.662
474.712 26.852
474.990 26.824
475.267 55.163
475.545 97.573
475.823 111.615
476.100 109.483
476.378 93.336
476.656 91.225
476.933 73.079
477.211 56.949
477.489 44.806
477.766 66.960
478.044 59.849
478.322 58.842
478.599 54.816
478.877 70.912
479.155 88.013
479.432 117.187
479.710 129.258
479.988 106.119
480.265 79.960
480.543 110.251
480.820 73.996
481.098 67.953
481.376 70.036
481.653 84.148
481.931 74.066
482.209 101.385
482.486 102.393
482.764 99.465
483.042 54.064
483.319 60.130
483.597 50.068
483.875 63.224
484.152 60.248
484.430 37.957
484.708 59.232
484.985 77.547
485.263 58.335
485.541 64.425
485.818 87.774
486.096 89.895
486.374 80.747
486.651 55.340
486.929 75.741
487.207 50.307
487.484 80.825
487.762 83.875
488.040 55.390
488.317 72.757
488.595 66.646
488.873 60.534
489.150 81.918
489.428 77.844
489.706 68.677
489.983 81.915
490.261 82.932
490.539 64.601
490.816 87.003
491.094 84.878
491.371 101.154
491.649 63.513
491.927 51.252
492.204 68.527
492.482 69.471
492.760 37.998
493.037 46.072
493.315 106.814
493.593 104.787
493.870 71.279
494.148 72.217
494.426 89.404
494.703 75.172
494.981 77.113
495.259 77.034
495.536 104.145
495.814 155.347
496.092 175.290
496.369 135.956
496.647 123.783
496.925 93.597
497.202 56.465
497.480 51.408
497.758 60.286
498.035 100.105
498.313 95.024
498.591 66.072
498.868 79.843
499.146 92.659
499.424 103.468
499.701 48.909
499.979 45.847
500.257 75.415
500.534 82.162
500.812 73.221
501.089 48.566
501.367 86.742
501.645 86.656
501.922 88.442
502.200 75.573
502.478 72.501
502.755 66.586
503.033 39.207
503.311 66.261
503.588 80.639
503.866 69.864
504.144 61.058
504.421 76.251
504.699 114.454
504.977 100.740
505.254 91.959
505.532 84.084
505.810 64.868
506.087 87.471
506.365 90.055
506.643 60.609
506.920 79.216
507.198 74.311
507.476 75.969
507.753 102.853
508.031 91.413
508.309 100.426
508.586 59.480
508.864 84.200
509.142 119.812
509.419 93.817
509.697 73.516
509.975 75.138
510.252 85.929
510.530 76.611
510.808 102.763
511.085 94.431
511.363 83.419
511.640 102.204
511.918 134.422
512.196 111.818
512.473 64.097
512.751 93.661
513.029 119.585
513.306 85.503
513.584 88.113
513.862 89.008
514.139 61.284
514.417 73.839
514.695 94.466
514.972 94.549
515.250 73.070
515.528 78.601
515.805 92.184
516.083 71.591
516.361 48.168
516.638 56.398
516.916 83.698
517.194 91.032
517.471 103.015
517.749 106.844
518.027 85.140
518.304 53.302
518.582 57.977
518.860 44.321
519.137 50.788
519.415 94.119
519.693 105.351
519.970 103.697
520.248 89.005
520.526 94.724
520.803 120.760
521.081 142.339
521.358 155.481
521.636 206.787
521.914 230.471
522.191 298.781
522.469 428.844
522.747 499.337
523.024 554.059
523.302 699.708
523.580 867.185
523.857 966.528
524.135 1057.490
524.413 1177.730
524.690 1327.025
524.968 1455.662
525.246 1610.224
525.523 1726.764
525.801 1847.064
526.079 1988.029
526.356 2149.834
526.634 2195.928
526.912 2317.282
527.189 2519.538
527.467 2635.247
527.745 2699.216
528.022 2831.858
528.300 2878.893
528.578 2902.410
528.855 2909.935
529.133 2871.363
529.411 2821.503
529.688 2709.555
529.966 2627.709
530.244 2619.825
530.521 2520.012
530.799 2426.790
531.077 2240.574
531.354 2092.600
531.632 2036.082
531.909 1861.421
532.187 1706.280
532.465 1583.011
532.742 1452.880
533.020 1296.910
533.298 1131.280
533.575 1014.497
533.853 874.510
534.131 722.552
534.408 693.339
534.686 602.712
534.964 479.107
535.241 419.450
535.519 313.321
535.797 273.648
536.074 213.189
536.352 150.555
536.630 149.875
536.907 114.138
537.185 126.067
537.463 109.694
537.740 83.463
538.018 77.737
538.296 117.220
538.573 170.483
538.851 152.080
539.129 139.396
539.406 139.532
539.684 112.963
539.962 68.519
540.239 54.710
540.517 97.421
540.795 105.461
541.072 99.501
541.350 93.542
541.627 81.624
541.905 48.900
542.183 59.833
542.460 90.647
542.738 59.771
543.016 72.679
543.293 39.907
543.571 33.947
543.849 100.380
544.126 107.323
544.404 90.457
544.682 84.503
544.959 86.485
545.237 80.532
545.515 59.697
545.792 53.690
546.070 82.429
546.353 83.419
546.637 107.203
546.920 120.205
547.204 122.188
547.487 91.432
547.770 74.566
548.054 74.638
548.337 87.546
548.621 63.712
548.904 22.024
549.187 63.772
549.471 108.610
549.754 72.788
550.038 82.819
550.321 90.876
550.604 73.001
550.888 71.004
551.171 108.036
551.455 112.143
551.738 58.199
552.021 67.207
552.305 97.333
552.588 119.495
552.871 99.533
553.155 57.420
553.438 53.452
553.722 107.885
554.005 96.904
554.288 90.946
554.572 103.157
554.855 101.238
555.139 62.877
555.422 107.519
555.705 71.115
555.989 79.307
556.272 60.077
556.556 77.431
556.839 97.875
557.122 127.405
557.406 130.591
557.689 108.274
557.973 60.375
558.256 71.682
558.539 106.445
558.823 102.459
559.106 73.873
559.390 81.044
559.673 69.843
559.956 50.355
560.240 54.511
560.523 79.150
560.807 110.063
561.090 110.061
561.373 134.725
561.657 135.751
561.940 125.472
562.223 109.027
562.507 123.414
562.790 87.441
563.074 98.744
563.357 123.409
563.640 94.630
563.924 78.104
564.207 39.088
564.491 58.593
564.774 94.429
565.057 108.786
565.341 95.354
565.624 66.663
565.908 110.719
566.191 126.981
566.474 98.320
566.758 94.128
567.041 87.991
567.325 77.685
567.608 80.748
567.891 65.358
568.175 76.580
568.458 81.598
568.742 84.654
569.025 117.153
569.308 73.363
569.592 83.459
569.875 119.063
570.159 82.355
570.442 73.133
570.725 96.481
571.009 80.154
571.292 82.181
571.576 69.938
571.859 83.024
572.142 93.143
572.426 100.125
572.709 88.911
572.992 109.112
573.276 99.918
573.559 46.388
573.843 92.758
574.126 106.761
574.409 80.495
574.693 71.439
574.976 79.406
575.260 84.344
575.543 69.282
575.826 83.253
576.110 60.122
576.393 60.060
576.677 99.098
576.960 103.997
577.249 91.995
577.538 80.912
577.827 73.844
578.115 51.834
578.404 52.830
578.693 71.700
578.982 72.622
579.271 84.560
579.560 102.367
579.848 114.294
580.137 135.167
580.426 138.010
580.715 87.363
581.004 43.667
581.293 71.400
581.581 82.311
581.870 47.587
582.159 91.236
582.448 128.932
582.737 126.947
583.026 85.278
583.314 48.570
583.603 24.759
583.892 32.694
584.181 70.390
584.470 78.403
584.759 56.554
585.048 80.465
585.336 89.410
585.625 60.641
585.914 63.688
586.203 85.598
586.492 91.664
586.781 75.710
587.069 53.828
587.358 31.902
587.647 80.851
587.936 153.930
588.225 136.928
588.514 117.044
588.802 73.071
589.091 103.129
589.380 70.131
589.669 44.140
589.958 73.358
590.247 65.373
590.536 56.365
590.824 89.720
591.113 127.182
591.402 138.571
591.691 93.117
591.980 71.911
592.269 98.379
592.557 83.233
592.846 83.316
593.135 103.765
593.424 136.350
593.713 122.216
594.002 121.195
594.290 120.173
594.579 89.682
594.868 112.129
595.157 145.800
595.446 115.186
595.735 68.246
596.023 44.729
596.312 96.715
596.601 104.761
596.890 116.860
597.179 109.625
597.468 130.832
597.757 109.288
598.045 96.018
598.334 130.166
598.623 88.660
598.912 51.219
599.201 100.360
599.490 151.310
599.778 120.095
600.067 111.853
600.356 120.609
600.645 71.562
600.934 57.502
601.223 97.165
601.511 105.890
601.800 100.833
602.089 120.514
602.378 123.235
602.667 74.788
602.956 91.462
603.244 102.196
603.533 93.244
603.822 77.434
604.111 54.839
604.400 40.063
604.689 84.222
604.978 100.804
605.266 70.410
605.555 61.584
605.844 52.707
606.133 71.315
606.422 89.922
606.711 83.064
606.999 70.329
607.288 72.286
607.577 98.729
607.866 87.953
608.155 93.828
608.444 130.065
608.732 131.043
609.021 84.028
609.310 46.808
609.599 44.847
609.888 28.194
610.177 71.288
610.466 100.669
610.754 107.523
611.043 104.582
611.332 75.197
611.621 88.908
611.910 113.391
612.199 83.027
612.487 89.881
612.776 66.373
613.065 77.145
613.354 145.703
613.643 129.050
613.932 117.295
614.220 133.944
614.509 73.145
614.798 103.476
615.087 77.055
615.376 42.807
615.665 109.341
615.953 164.133
616.242 121.079
616.531 102.486
616.820 86.828
617.109 70.192
617.398 87.888
617.687 84.865
617.975 124.980
618.264 90.732
618.553 72.139
618.842 75.072
619.131 84.855
619.420 71.154
619.708 88.765
619.997 75.064
620.286 60.385
620.575 63.318
620.864 85.737
621.153 80.848
621.441 85.733
621.730 97.461
622.019 99.317
622.308 89.550
622.597 50.485
622.886 39.702
623.174 78.724
623.463 118.722
623.752 104.959
624.041 106.907
624.330 134.195
624.619 124.446
624.908 101.928
625.196 68.819
625.485 77.581
625.774 76.605
626.063 90.147
626.352 87.227
626.641 21.077
626.929 82.279
627.218 87.051
627.507 85.107
627.796 95.692
628.085 105.287
628.374 101.213
628.662 75.026
628.951 78.736
629.240 70.815
629.529 93.710
629.818 80.998
630.107 31.146
630.396 20.569
630.684 67.902
630.973 146.964
631.262 113.483
631.551 100.872
631.840 100.399
632.129 69.355
632.417 56.081
632.706 47.577
632.995 46.439
633.284 81.842
633.573 85.104
633.862 79.359
634.150 62.768
634.439 67.033
634.728 84.696
635.017 62.983
635.306 92.979
635.595 74.999
635.883 48.273
636.172 95.762
636.461 118.479
636.750 104.209
637.039 81.289
637.328 86.479
637.617 94.371
637.905 64.545
638.194 98.753
638.483 98.838
638.772 75.197
639.061 74.447
639.350 115.141
639.638 93.257
639.927 75.721
640.216 64.386
640.505 74.342
640.794 101.301
641.083 89.943
641.371 63.277
641.660 41.863
641.949 57.303
642.238 51.127
642.527 54.940
642.816 91.485
643.104 58.887
643.393 28.854
643.682 59.207
643.971 86.126
644.260 87.286
644.549 74.494
644.838 67.278
645.126 55.371
645.415 36.867
645.704 42.581
645.993 68.900
646.282 57.814
646.571 72.987
646.859 104.353
647.148 89.411
647.437 37.481
647.726 29.945
648.015 80.476
648.304 94.076
648.592 96.168
648.881 87.721
649.170 70.596
649.459 58.217
649.748 73.828
650.037 111.686
650.326 78.954
650.614 104.348
650.903 79.257
651.192 52.118
651.481 51.241
651.770 96.255
652.059 140.515
652.347 64.243
652.636 61.357
652.925 63.444
653.214 32.962
653.503 63.627
653.792 80.486
654.080 54.846
654.369 35.096
654.658 73.780
654.947 121.470
655.236 70.943
655.525 59.082
655.813 85.009
656.102 69.155
656.391 34.327
656.680 45.336
656.969 72.352
657.258 17.405
657.547 18.420
657.835 64.482
658.124 100.515
658.413 70.553
658.702 66.543
658.991 44.541
659.280 30.496
659.568 19.480
659.857 -11.647
660.146 4.415
660.435 55.673
660.724 42.605
661.013 47.628
661.301 47.625
661.590 108.033
661.879 115.072
662.168 59.738
662.457 40.621
662.746 91.926
663.034 74.821
663.323 25.522
663.612 50.671
663.901 104.994
664.190 117.064
664.479 113.037
664.768 84.865
665.056 94.923
665.345 91.903
665.634 39.586
665.923 9.393
666.212 42.556
666.501 56.624
666.789 56.564
667.078 71.622
667.367 23.427
667.656 21.394
667.945 44.461
668.234 25.401
668.522 51.425
668.811 74.469
669.100 88.494
669.389 54.369
669.678 73.385
669.967 75.309
670.256 52.307
670.544 43.261
670.833 68.233
671.122 69.160
671.411 58.180
671.700 86.035
671.989 68.019
672.277 64.032
672.566 60.980
672.855 21.156
673.144 47.992
673.433 62.837
673.722 48.932
674.010 34.992
674.299 17.132
674.588 61.711
674.877 44.860
675.166 61.645
675.455 35.864
675.743 34.872
676.032 63.491
676.321 69.417
676.610 31.834
676.899 32.818
677.188 92.941
677.477 53.490
677.765 50.529
678.054 86.930
678.343 71.163
678.632 53.374
678.921 46.482
679.210 38.567
679.498 24.798
679.787 67.077
680.076 91.566
680.365 89.599
680.654 72.897
680.943 54.176
681.231 72.819
681.520 48.236
681.809 52.154
682.098 30.583
682.387 22.737
682.676 45.239
682.964 45.236
683.253 60.904
683.542 73.634
683.831 69.714
684.120 48.116
684.409 51.049
684.698 53.003
684.986 93.209
685.275 100.062
685.564 57.944
685.853 66.756
686.142 85.362
686.431 79.483
686.719 55.974
687.008 61.847
687.297 51.071
687.586 39.315
687.875 30.497
688.164 43.227
688.452 100.031
688.741 76.522
689.030 50.074
689.319 51.979
689.608 30.450
689.897 44.146
690.186 51.971
690.474 31.420
690.763 32.396
691.052 52.941
691.341 100.982
691.630 93.143
691.919 68.655
692.207 44.166
692.496 60.813
692.785 83.419
693.074 81.455
693.363 68.707
693.652 41.294
693.940 52.086
694.229 99.188
694.518 89.459
694.807 63.916
695.096 69.876
695.385 25.625
695.673 9.899
695.962 31.550
696.251 13.830
696.540 3.989
696.835 70.065
697.130 88.799
697.425 71.045
697.720 62.227
698.015 46.430
698.310 44.496
698.605 47.458
698.900 32.633
699.195 35.629
699.490 100.908
699.785 80.213
700.080 49.517
700.375 87.224
700.670 63.435
700.965 31.749
701.260 41.666
701.555 68.517
701.850 73.479
702.145 84.399
702.440 65.593
702.735 73.543
703.030 93.513
703.324 103.460
703.619 115.512
703.914 93.597
704.209 71.681
704.504 89.607
704.799 57.788
705.094 21.893
705.389 46.815
705.684 49.803
705.979 58.773
706.274 64.816
706.569 89.763
706.864 81.858
707.159 71.864
707.454 72.860
707.749 86.930
708.044 56.927
708.339 46.923
708.634 60.920
708.929 93.010
709.224 94.102
709.519 53.017
709.814 73.127
710.109 55.069
710.404 37.049
710.699 45.078
710.994 57.180
711.289 64.212
711.584 60.249
711.879 78.355
712.174 84.387
712.469 92.526
712.764 52.240
713.059 6.920
713.354 33.133
713.649 34.138
713.944 47.239
714.239 80.502
714.534 146.023
714.829 113.761
715.124 78.476
715.419 74.440
715.714 49.235
716.009 55.280
716.304 66.433
716.598 65.420
716.893 79.624
717.188 60.429
717.483 38.242
717.778 59.532
718.073 54.523
718.368 11.967
718.663 46.458
718.958 99.294
719.253 50.611
719.548 27.261
719.843 69.037
720.138 82.355
720.433 113.952
720.728 98.759
721.023 65.148
721.318 27.351
721.613 41.690
721.908 26.350
722.203 41.726
722.498 40.699
722.793 32.540
723.088 48.930
723.383 44.828
723.678 87.948
723.973 39.739
724.268 -2.316
724.563 33.578
724.858 46.908
725.153 60.237
725.448 96.131
725.743 109.349
726.038 58.116
726.333 47.866
726.628 59.072
726.923 60.092
727.218 72.297
727.513 46.731
727.808 53.830
728.103 104.792
728.398 82.255
728.693 51.670
728.988 63.834
729.283 69.869
729.578 64.713
729.873 72.840
730.167 70.732
730.462 39.216
730.757 35.120
731.052 54.312
731.347 62.405
731.642 71.438
731.937 73.383
732.232 41.056
732.527 33.947
732.822 68.183
733.117 59.048
733.412 12.720
733.707 22.763
734.002 65.953
734.297 45.803
734.592 40.738
734.887 45.703
735.182 51.712
735.477 -14.410
735.772 19.601
736.067 47.550
736.362 40.512
736.657 53.483
736.952 64.393
737.247 38.428
737.542 43.405
737.837 71.219
738.132 66.240
738.427 48.277
738.722 26.405
739.017 30.347
739.312 38.288
739.607 78.921
739.902 72.964
740.197 87.754
740.492 94.688
740.787 62.908
741.082 69.834
741.377 33.164
741.672 32.139
741.967 72.649
742.262 102.189
742.557 86.305
742.852 84.329
743.147 70.449
743.442 9.361
743.736 60.589
744.031 49.699
744.326 25.089
744.621 28.038
744.916 30.956
745.211 64.384
745.506 77.163
745.801 57.493
746.096 70.203
746.391 66.270
746.686 43.673
746.981 69.141
747.276 65.212
747.571 42.637
747.866 16.120
748.161 46.509
748.456 55.328
748.751 74.859
749.046 97.382
749.341 103.254
749.636 93.365
749.931 79.662
750.226 59.110
750.521 44.429
750.816 42.468
751.111 55.184
751.406 22.891
751.701 54.198
751.996 91.376
752.291 49.298
752.586 84.519
752.881 74.730
753.176 22.867
753.471 37.540
753.766 44.385
754.061 53.240
754.356 100.248
754.651 98.285
754.946 60.083
755.241 51.264
755.536 53.219
755.831 23.832
756.126 21.848
756.421 34.564
756.716 40.431
757.010 34.556
757.305 56.078
757.600 53.139
757.895 7.146
758.190 4.202
758.485 41.384
758.780 78.562
759.075 66.816
759.370 53.114
759.665 62.894
759.960 79.602
760.255 69.804
760.550 51.190
760.845 68.883
761.140 63.977
761.435 44.408
761.730 79.811
762.025 52.302
762.320 37.600
762.615 83.810
762.910 76.923
763.205 84.868
763.500 74.037
763.802 17.948
764.104 33.708
764.406 28.777
764.708 2.174
765.010 49.507
765.312 69.227
765.615 57.445
765.917 63.363
766.219 64.410
766.521 46.619
766.823 22.899
767.125 29.841
767.427 24.891
767.729 35.802
768.031 37.778
768.333 51.635
768.635 75.468
768.937 110.151
769.239 84.378
769.542 70.569
769.844 17.985
770.146 23.933
770.448 7.070
770.750 -12.795
771.052 22.973
771.354 77.640
771.656 52.837
771.958 53.828
772.260 76.785
772.562 65.890
772.864 43.995
773.166 31.017
773.468 36.038
773.771 17.070
774.073 53.118
774.375 89.239
774.677 70.196
774.979 72.268
775.281 37.195
775.583 26.173
775.885 44.258
776.187 24.178
776.489 17.148
776.791 -4.009
777.093 37.355
777.395 85.872
777.698 68.765
778.000 59.721
778.302 63.829
778.604 35.492
778.906 70.041
779.208 64.009
779.510 20.326
779.812 31.544
780.114 64.191
780.416 42.866
780.718 39.838
781.020 52.156
781.322 16.344
781.625 -0.054
781.927 22.505
782.229 64.617
782.531 77.012
782.833 66.798
783.135 47.294
783.437 37.029
783.739 19.518
784.041 73.252
784.343 77.459
784.645 34.056
784.947 1.962
785.249 -4.265
785.552 24.801
785.854 84.073
786.156 49.816
786.458 48.822
786.760 58.252
787.062 45.782
787.364 50.004
787.666 66.787
787.968 98.266
788.270 113.039
788.572 76.426
788.874 67.117
789.176 80.867
789.478 59.872
789.781 64.082
790.083 60.979
790.385 65.262
790.687 27.271
790.989 53.750
791.291 80.284
791.593 75.062
791.895 68.694
792.197 67.699
792.499 95.295
792.801 87.952
793.103 32.686
793.405 27.396
793.708 44.412
794.010 12.505
794.312 33.834
794.614 38.134
794.916 69.078
795.218 133.249
795.520 137.664
795.822 54.294
796.124 52.203
796.426 93.026
796.728 61.971
797.030 41.602
797.332 63.101
797.635 109.450
797.937 113.873
798.239 96.730
798.541 73.070
798.843 71.985
799.145 75.300
799.447 115.419
799.749 76.452
800.051 61.295
800.353 77.607
800.655 58.099
800.957 45.141
801.259 37.543
801.562 39.707
801.864 96.100
802.166 83.169
802.468 49.504
802.770 33.211
803.072 -12.397
803.374 56.001
803.676 74.534
803.978 49.528
804.280 -4.826
804.582 7.133
804.884 66.974
805.186 41.987
805.488 51.785
805.791 69.283
806.093 28.960
806.395 71.608
806.697 86.998
806.999 80.427
807.301 50.936
807.603 67.359
807.905 101.418
808.207 45.541
808.509 54.316
808.811 75.166
809.113 123.594
809.415 113.698
809.718 92.813
810.020 63.206
810.322 41.197
810.624 54.452
810.926 68.763
811.228 30.244
811.530 44.570
811.834 100.904
812.137 109.849
812.441 61.224
812.744 43.586
813.048 28.124
813.351 -7.328
813.655 7.086
813.958 48.145
814.262 51.526
814.565 54.913
814.869 47.173
815.172 56.075
815.476 70.624
815.779 88.553
816.083 49.484
816.386 40.594
816.690 58.530
816.993 32.833
817.297 49.679
817.600 73.297
817.904 45.283
818.208 48.702
818.511 95.939
818.815 70.140
819.118 70.212
819.422 44.325
819.725 53.348
820.029 53.341
820.332 28.503
820.636 21.724
820.939 40.859
821.243 40.852
821.546 52.060
821.850 32.835
822.153 52.994
822.457 64.138
822.760 67.343
823.064 42.633
823.367 32.509
823.671 29.064
823.974 57.785
824.278 89.596
824.582 65.091
824.885 72.546
825.189 49.350
825.492 57.897
825.796 35.986
826.099 72.659
826.403 73.416
826.706 72.099
827.010 55.741
827.313 52.302
827.617 41.513
827.920 36.045
828.224 43.255
828.527 89.189
828.831 97.160
829.134 57.249
829.438 23.879
829.741 17.588
830.045 48.310
830.348 41.971
830.652 69.288
830.956 88.181
831.259 79.746
831.563 68.363
831.866 58.073
832.170 34.869
832.473 29.764
832.777 59.225
833.080 56.036
833.384 46.949
833.687 42.820
833.991 31.947
834.294 27.929
834.598 56.580
834.901 65.854
835.205 45.530
835.508 102.019
835.812 100.592
836.115 48.617
836.419 46.520
836.722 58.357
837.026 62.756
837.330 53.311
837.633 34.761
837.937 39.233
838.240 34.589
838.544 32.697
838.847 59.073
839.151 69.932
839.454 76.295
839.758 72.649
840.061 69.066
840.365 63.653
840.668 58.284
840.972 62.959
841.275 66.734
841.579 36.581
841.882 48.657
842.186 41.392
842.489 45.208
842.793 23.023
843.097 29.604
843.400 29.681
843.704 36.352
844.007 53.331
844.311 96.831
844.614 77.250
844.918 44.245
845.221 59.503
845.525 47.252
845.828 21.621
846.132 46.464
846.435 48.412
846.739 25.507
847.042 57.049
847.346 88.676
847.649 48.477
847.953 23.590
848.256 18.799
848.560 18.792
848.863 32.182
849.167 36.924
849.471 25.445
849.774 32.130
850.078 51.195
850.381 55.910
850.685 18.671
850.988 54.837
851.292 95.600
851.595 67.013
851.899 48.869
852.202 44.039
852.506 32.648
852.809 6.159
853.113 14.607
853.416 50.253
853.720 42.614
854.023 55.560
854.327 59.122
854.630 59.879
854.934 67.113
855.237 60.513
855.541 47.435
855.845 52.812
856.148 37.078
856.452 59.821
856.755 72.413
857.059 42.208
857.362 45.754
857.666 32.049
857.969 50.954
858.273 64.381
858.576 46.256
858.880 43.471
859.183 72.085
859.487 43.301
859.790 19.088
860.094 45.809
860.397 51.109
860.701 39.445
861.004 22.514
861.308 26.016
861.611 21.554
861.915 16.213
862.219 30.351
862.522 33.824
862.826 51.439
863.129 53.151
863.433 68.075
863.736 23.994
864.040 0.219
864.343 23.099
864.647 30.135
864.950 37.170
865.254 55.649
865.557 84.765
865.861 74.186
866.164 50.434
866.468 60.127
866.771 54.926
867.075 72.651
867.378 83.327
867.682 38.255
867.985 42.718
868.289 56.120
868.593 44.597
868.896 53.582
869.200 52.730
869.503 16.177
869.807 10.837
870.110 48.551
870.414 64.876
870.717 70.396
871.021 72.322
871.324 67.982
871.628 78.151
871.931 51.898
872.235 36.521
872.538 32.039
872.842 8.266
873.145 3.685
873.449 22.154
873.752 40.726
874.056 48.305
874.359 69.867
874.663 51.363
874.967 40.253
875.270 68.554
875.574 65.912
875.877 31.119
876.181 35.939
876.484 35.083
876.788 50.427
877.091 85.936
877.395 87.134
877.698 55.593
878.002 61.525
878.305 28.817
878.609 55.030
878.912 66.767
879.216 57.170
879.519 61.227
879.823 102.354
880.126 87.782
880.430 36.036
880.733 49.837
881.037 43.983
881.341 58.766
881.644 85.474
881.948 40.185
882.251 17.511
882.555 30.395
882.858 49.228
883.162 101.896
883.465 109.933
883.769 26.534
884.072 24.561
884.376 39.556
884.679 24.666
884.983 72.656
885.286 70.647
885.590 93.638
885.893 97.629
886.197 57.619
886.500 48.610
886.804 72.601
887.107 19.591
887.411 34.582
887.715 55.573
888.018 50.563
888.322 34.554
888.625 39.544
888.929 58.535
889.232 54.525
889.536 80.516
889.839 91.506
890.143 37.497
890.446 23.487
890.750 58.478
891.053 41.468
891.357 29.459
891.660 58.449
891.964 60.439
892.267 46.430
892.571 48.420
892.874 60.410
893.178 48.400
893.482 23.391
893.785 8.381
894.089 13.371
894.392 65.361
894.696 86.351
894.999 71.342
895.303 57.332
895.606 14.322
895.910 11.312
896.213 41.302
896.517 63.292
896.820 19.282
897.124 67.272
897.427 78.262
897.731 23.252
898.034 24.242
898.338 46.232
898.641 27.222
898.945 17.211
899.248 38.201
899.552 4.191
899.856 19.181
900.159 90.171
900.463 78.160
900.766 64.150
901.070 43.140
901.373 63.130
901.677 51.119
901.980 42.109
902.284 41.099
902.587 73.088
902.891 77.078
903.194 34.067
903.498 54.057
903.801 55.046
904.105 52.036
904.408 40.025
904.712 79.015
905.015 69.004
905.319 52.994
905.622 35.983
905.926 20.972
906.230 43.962
906.533 58.951
906.837 75.940
907.140 53.929
907.444 36.919
907.747 38.908
908.051 55.897
908.354 36.886
908.658 32.875
908.961 70.865
909.265 36.854
909.568 66.843
909.872 67.832
910.175 66.821
910.479 77.810
910.782 58.799
911.086 34.788
911.389 54.777
911.693 89.766
911.996 86.754
912.300 39.743
912.609 40.732
912.918 60.721
913.227 30.710
913.537 -3.301
913.846 9.687
914.155 48.676
914.464 76.665
914.773 59.653
915.082 29.642
915.391 107.631
915.700 41.619
916.010 -5.392
916.319 25.596
916.628 40.585
916.937 41.573
917.246 38.562
917.555 38.550
917.864 36.539
918.174 14.527
918.483 19.515
918.792 29.504
919.101 49.492
919.410 28.480
919.719 51.468
920.028 63.457
920.337 12.445
920.647 19.433
920.956 53.421
921.265 40.409
921.574 47.397
921.883 64.386
922.192 71.374
922.501 55.362
922.811 63.350
923.120 68.338
923.429 26.325
923.738 40.313
924.047 36.301
924.356 46.289
924.665 52.277
924.974 17.265
925.284 20.253
925.593 56.240
925.902 84.228
926.211 70.216
926.520 27.203
926.829 60.191
927.138 106.179
927.448 88.166
927.757 77.154
928.066 64.141
928.375 32.129
928.684 38.116
928.993 25.104
929.302 20.091
929.611 50.079
929.921 82.066
930.230 51.053
930.539 60.041
930.848 43.028
931.157 42.015
931.466 23.002
931.775 77.989
932.085 92.977
932.394 54.964
932.703 49.951
933.012 75.938
933.321 75.925
933.630 77.912
933.939 81.899
934.248 45.886
934.558 38.873
934.867 4.860
935.176 44.847
935.485 74.833
935.794 67.820
936.103 99.807
936.412 104.794
936.721 49.781
937.031 39.767
937.340 74.754
937.649 82.741
937.958 35.727
938.267 49.714
938.576 64.700
938.885 65.687
939.195 59.673
939.504 80.660
939.813 65.646
940.122 38.632
940.431 28.619
940.740 22.605
941.049 30.591
941.359 52.578
941.668 64.564
941.977 26.550
942.286 10.536
942.595 64.522
942.904 72.508
943.213 58.494
943.522 24.481
943.832 55.467
944.141 85.453
944.450 62.438
944.759 17.424
945.068 60.410
945.377 76.396
945.686 41.382
945.995 19.368
946.305 24.353
946.614 77.339
946.923 75.325
947.232 65.310
947.541 64.296
947.850 46.282
948.159 37.267
948.469 69.253
948.778 63.238
949.087 38.224
949.396 15.209
949.705 25.194
950.014 32.180
950.323 28.165
950.632 42.150
950.942 38.135
951.251 41.121
951.560 75.106
951.869 78.091
952.178 81.076
952.487 83.061
952.796 77.046
953.106 43.031
953.415 32.016
953.724 53.001
954.033 46.986
954.342 45.971
954.651 63.956
954.960 48.940
955.269 16.925
955.579 42.910
955.888 91.895
956.197 56.879
956.506 8.864
956.815 39.848
957.124 28.833
957.433 50.817
957.743 70.802
958.052 60.786
958.361 33.771
958.670 49.755
958.979 68.739
959.288 38.724
959.597 35.708
959.906 67.692
960.216 63.676
960.525 26.660
960.834 43.644
961.143 76.628
961.452 50.612
961.761 41.596
962.070 19.580
962.380 13.564
962.689 55.548
962.998 75.532
963.307 80.516
963.616 65.499
963.925 62.483
964.234 56.467
964.543 40.450
964.853 69.434
965.162 46.418
965.471 36.401
965.780 31.385
966.092 48.368
966.404 57.351
966.716 34.335
967.028 48.318
967.340 57.301
967.652 35.285
967.964 35.268
968.276 43.251
968.588 78.234
968.900 48.217
969.212 26.200
969.524 35.183
969.836 50.166
970.148 45.149
970.460 57.132
970.772 59.115
971.084 36.097
971.396 31.080
971.708 63.063
972.020 69.046
972.332 93.028
972.644 84.011
972.956 35.993
973.268 68.976
973.580 73.958
973.892 46.941
974.204 47.923
974.516 47.905
974.828 66.888
975.140 103.870
975.452 106.852
975.764 89.834
976.076 58.816
976.388 48.798
976.700 77.780
977.012 42.762
977.324 11.744
977.636 14.726
977.948 45.708
978.260 60.690
978.572 43.672
978.884 48.653
979.196 33.635
979.508 9.617
979.820 -5.402
980.132 51.580
980.444 33.561
980.756 50.543
981.068 71.524
981.380 42.505
981.692 71.487
982.004 28.468
982.316 16.449
982.628 14.430
982.940 9.412
983.252 31.393
983.564 41.374
983.876 75.355
984.188 77.336
984.500 89.316
984.812 90.297
985.124 75.278
985.436 15.259
985.748 19.240
986.060 43.220
986.372 11.201
986.684 23.181
986.996 36.162
987.308 49.142
987.620 29.123
987.932 18.103
988.244 60.083
988.556 54.064
988.868 57.044
989.180 57.024
989.492 55.004
989.804 60.984
990.116 78.964
990.428 66.944
990.740 52.924
991.052 53.904
991.364 84.884
991.676 40.864
991.988 21.844
992.300 4.823
992.612 6.803
992.924 50.782
993.236 56.762
993.548 66.741
993.860 49.721
994.172 40.700
994.484 53.680
994.796 64.659
995.108 55.638
995.420 75.617
995.732 46.596
996.044 25.575
996.356 51.554
996.668 58.533
996.980 38.512
997.292 26.491
997.604 38.470
997.916 47.449
998.228 22.427
998.540 7.406
998.852 61.385
999.164 80.363
999.476 61.342
999.788 46.320
1000.100 48.299
1000.412 68.277
1000.724 46.255
1001.036 40.233
1001.348 23.211
1001.660 38.190
1001.972 74.168
1002.284 58.146
1002.596 40.124
1002.908 49.101
1003.220 49.079
1003.532 29.057
1003.844 48.035
1004.156 42.012
1004.468 33.990
1004.780 53.968
1005.092 65.945
1005.404 91.923
1005.716 83.900
1006.028 60.877
1006.340 38.855
1006.652 41.832
1006.964 59.809
1007.276 52.786
1007.588 62.763
1007.900 64.740
1008.212 56.717
1008.524 62.694
1008.836 71.671
1009.148 46.647
1009.460 23.624
1009.772 77.601
1010.084 56.577
1010.396 22.554
1010.708 15.530
1011.020 64.507
1011.332 81.483
1011.644 90.459
1011.956 79.435
1012.268 85.411
1012.580 35.388
1012.892 40.364
1013.204 63.340
1013.516 28.315
1013.828 54.291
1014.140 63.267
1014.452 42.243
1014.764 13.218
1015.076 37.194
1015.388 35.170
1015.700 73.145
1016.012 47.120
1016.324 62.096
1016.636 64.071
1016.948 21.046
1017.260 31.021
1017.572 99.997
1017.884 103.972
1018.196 70.947
1018.508 81.921
1018.820 22.896
1019.132 21.871
1019.444 36.846
1019.756 50.820
1020.068 72.795
1020.380 55.770
1020.692 25.744
1021.004 35.718
1021.316 44.693
1021.628 46.667
1021.940 45.641
1022.252 80.615
1022.564 80.589
1022.876 49.563
1023.188 44.537
1023.500 44.511
1023.812 45.485
1024.124 34.459
1024.436 61.432
1024.748 67.406
1025.060 42.379
1025.372 23.353
1025.684 13.326
1025.996 30.300
1026.308 44.273
1026.620 51.246
1026.932 27.219
1027.244 32.192
1027.556 50.165
1027.868 39.138
1028.180 23.111
1028.492 31.084
1028.804 16.056
1029.116 29.029
1029.428 51.001
1029.740 70.974
1030.052 71.946
1030.364 78.919
1030.676 93.891
1030.988 64.863
1031.300 58.835
1031.612 54.807
1031.924 75.779
1032.236 69.751
1032.548 12.723
1032.860 39.695
1033.172 48.666
1033.484 49.638
1033.796 65.610
1034.108 48.581
1034.420 79.552
1034.732 55.524
1035.044 34.495
1035.356 60.466
1035.668 78.437
1035.980 63.408
1036.292 19.379
1036.604 -22.650
1036.916 40.321
1037.228 58.292
1037.540 16.262
1037.852 40.233
1038.164 48.203
1038.476 16.174
1038.788 28.144
1039.100 41.114
1039.412 35.085
1039.724 35.055
1040.036 7.025
1040.348 -5.005
1040.660 10.964
1040.972 24.934
1041.284 21.904
1041.596 45.874
1041.908 95.843
1042.220 40.813
1042.532 69.782
1042.844 76.751
1043.156 44.721
1043.468 33.690
1043.780 58.659
1044.092 90.628
1044.404 78.597
1044.716 63.566
1045.028 63.534
1045.340 47.503
1045.652 56.472
1045.964 86.440
1046.276 48.409
1046.588 0.377
1046.900 -23.655
1047.212 36.313
1047.524 90.282
1047.836 160.250
1048.148 186.218
1048.460 58.185
1048.772 36.153
1049.084 7.121
1049.396 42.088
1049.708 58.056
1050.020 76.023
1050.332 19.991
1050.644 6.958
1050.956 41.925
1051.268 56.892
1051.580 69.859
1051.892 52.826
1052.204 22.793
1052.516 34.760
1052.828 59.727
1053.140 80.693
1053.452 119.660
1053.764 114.626
1054.076 79.592
1054.388 81.559
1054.700 106.525
1055.012 90.491
1055.324 68.457
1055.636 44.423
1055.948 33.388
1056.260 45.354
1056.572 63.320
1056.884 54.285
1057.196 19.251
1057.508 65.216
1057.820 63.181
1058.132 51.146
1058.444 41.112
1058.756 41.076
1059.068 18.041
1059.380 21.006
1059.692 20.971
1060.004 44.936
1060.316 40.900
1060.628 48.864
1060.940 48.829
1061.252 11.793
1061.564 13.757
1061.876 18.721
1062.188 25.685
1062.500 42.649
1062.812 57.613
1063.124 89.577
1063.436 96.540
1063.748 65.504
1064.060 64.467
1064.372 49.430
1064.684 37.394
1064.996 53.357
1065.308 79.320
1065.620 72.283
1065.932 64.246
1066.244 27.208
1066.556 34.171
1066.868 55.133
1067.180 45.096
1067.492 54.058
1067.804 83.021
1068.116 69.983
1068.428 63.945
1068.740 33.907
1069.052 26.869
1069.364 45.830
1069.676 78.792
1069.988 53.754
1070.300 17.715
1070.612 57.676
1070.924 76.638
1071.236 61.599
1071.548 58.560
1071.860 61.521
1072.172 43.482
1072.484 71.442
1072.796 43.403
1073.108 27.364
1073.420 -0.676
1073.732 -10.715
1074.044 66.245
1074.356 81.205
1074.668 46.165
1074.980 49.125
1075.292 39.085
1075.604 56.045
1075.916 65.004
1076.228 77.964
1076.540 78.923
1076.852 43.883
1077.164 60.842
1077.476 51.801
1077.788 53.760
1078.100 40.719
1078.412 47.678
1078.724 50.636
1079.036 19.595
1079.348 45.553
1079.660 33.512
1079.972 29.470
1080.284 29.428
1080.596 34.386
1080.908 67.344
1081.220 37.302
1081.532 57.260
1081.844 28.218
1082.156 -1.825
1082.468 37.132
1082.780 46.090
1083.092 24.047
1083.404 20.004
1083.716 15.961
1084.028 35.918
1084.340 5.875
1084.652 -9.169
1084.964 25.788
1085.276 49.744
1085.588 35.701
1085.900 5.657
1086.212 39.613
1086.524 73.569
1086.836 48.525
1087.148 10.481
1087.460 53.436
1087.772 88.392
1088.084 77.347
1088.396 60.303
1088.708 76.258
1089.020 41.213
1089.332 23.168
1089.644 63.123
1089.956 100.078
1090.268 81.032
1090.580 76.987
1090.892 28.941
1091.204 4.896
1091.516 19.850
1091.828 -6.196
1092.140 44.758
1092.465 90.712
1092.790 96.666
1093.114 69.619
1093.439 17.573
1093.764 30.526
1094.089 32.480
1094.414 24.433
1094.739 34.386
1095.063 -18.661
1095.388 9.292
1095.713 61.244
1096.038 69.197
1096.363 87.149
1096.688 55.102
1097.012 49.054
1097.337 51.006
1097.662 54.958
1097.987 15.910
1098.312 -28.138
1098.637 50.813
1098.961 66.765
1099.286 47.716
1099.611 20.668
1099.936 15.619
1100.261 27.570
1100.586 55.521
1100.910 34.472
1101.235 33.422
1101.560 -1.627
1101.885 25.324
1102.210 54.274
1102.535 51.224
1102.859 24.174
1103.184 63.124
1103.509 62.074
1103.834 31.024
1104.159 8.974
1104.484 18.923
1104.808 22.872
1105.133 80.822
1105.458 63.771
1105.783 9.720
1106.108 32.669
1106.432 30.618
1106.757 9.566
1107.082 -22.485
1107.407 -22.537
1107.732 24.412
1108.057 53.360
1108.381 55.308
1108.706 81.256
1109.031 73.204
1109.356 32.151
1109.681 -0.901
1110.006 42.046
1110.330 24.994
1110.655 18.941
1110.980 45.888
1111.305 80.835
1111.630 88.782
1111.955 79.729
1112.279 26.675
1112.604 27.622
1112.929 -3.432
1113.254 14.514
1113.579 28.460
1113.904 12.406
1114.228 54.352
1114.553 46.298
1114.878 18.244
1115.203 32.189
1115.528 34.135
1115.853 42.080
1116.177 37.025
1116.502 -4.030
1116.827 1.915
1117.152 19.860
1117.477 22.804
1117.802 17.749
1118.126 10.693
1118.451 30.637
1118.776 37.581
1119.101 29.525
1119.426 11.469
1119.751 22.413
1120.075 18.357
1120.400 12.300
1120.725 36.244
1121.050 35.187
1121.375 38.130
1121.699 22.073
1122.024 15.016
1122.349 23.959
1122.674 39.902
1122.999 60.844
1123.324 52.786
1123.648 35.729
1123.973 21.671
1124.298 40.613
1124.623 5.555
1124.948 18.497
1125.273 30.438
1125.597 28.380
1125.922 3.321
1126.247 4.263
1126.572 -24.796
1126.897 9.145
1127.222 52.086
1127.546 26.027
1127.871 -0.033
1128.196 -1.092
1128.521 30.848
1128.846 24.789
1129.171 31.729
1129.495 30.669
1129.820 9.609
1130.145 25.549
1130.470 18.489
1130.795 29.428
1131.120 19.368
1131.444 22.307
1131.769 -8.754
1132.094 -26.815
1132.419 34.124
1132.744 33.063
1133.069 10.002
1133.393 10.941
1133.718 -5.121
1134.043 6.818
1134.368 25.756
1134.693 33.694
1135.017 33.632
1135.342 26.570
1135.667 20.508
1135.992 4.446
1136.317 58.383
1136.642 49.321
1136.966 1.258
1137.291 -10.805
1137.616 33.132
1137.941 49.069
1138.266 23.006
1138.591 28.943
1138.915 33.879
1139.240 36.816
1139.565 50.752
1139.890 28.689
1140.215 41.625
1140.540 24.561
1140.864 77.497
1141.189 76.433
1141.514 7.368
1141.839 57.304
1142.164 37.240
1142.489 44.175
1142.813 68.110
1143.138 68.045
1143.463 41.981
1143.788 28.915
1144.113 36.850
1144.438 31.785
1144.762 28.720
1145.087 31.654
1145.412 36.589
1145.737 53.523
1146.062 46.457
1146.387 31.391
1146.711 55.325
1147.036 16.259
1147.361 20.193
1147.686 40.126
1148.011 -5.940
1148.335 -0.007
1148.660 27.927
1148.985 64.860
1149.310 35.793
1149.635 29.726
1149.960 35.659
1150.284 69.592
1150.609 42.525
1150.934 41.457
1151.259 35.390
1151.584 39.322
1151.909 57.255
1152.233 61.187
1152.558 22.119
1152.883 19.051
1153.208 50.983
1153.533 79.915
1153.858 47.847
1154.182 22.778
1154.507 12.710
1154.832 5.641
1155.157 18.573
1155.482 10.504
1155.807 73.435
1156.131 61.366
1156.456 43.297
1156.781 6.228
1157.106 30.159
1157.431 61.090
1157.756 38.021
1158.080 17.951
1158.405 18.882
1158.730 9.812
1159.055 13.742
1159.380 34.673
1159.705 80.603
1160.029 48.533
1160.354 47.463
1160.679 39.393
1161.004 35.323
1161.329 63.253
1161.653 52.182
1161.978 90.112
1162.303 70.041
1162.628 2.971
1162.953 9.900
1163.278 14.830
1163.602 -13.241
1163.927 9.688
1164.252 52.617
1164.577 51.546
1164.902 47.475
1165.227 60.404
1165.551 65.333
1165.876 6.262
1166.201 -11.809
1166.526 1.119
1166.851 2.048
1167.176 31.977
1167.500 23.905
1167.825 27.833
1168.150 35.762
1168.475 41.690
1168.800 39.618
1169.125 27.547
1169.449 -17.525
1169.774 -2.597
1170.099 -9.669
1170.424 -37.741
1170.749 11.187
1171.074 25.115
1171.398 61.043
1171.723 61.971
1172.048 29.898
1172.373 -3.174
1172.698 23.754
1173.023 40.681
1173.347 25.609
1173.672 8.537
1173.997 15.464
1174.322 11.392
1174.647 8.319
1174.972 30.247
1175.296 39.174
1175.621 21.102
1175.946 56.029
1176.271 46.956
1176.596 -19.116
1176.920 -55.189
1177.245 22.738
1177.570 43.665
1177.895 18.593
1178.220 22.520
1178.545 27.447
1178.869 15.374
1179.194 12.301
1179.519 19.229
1179.844 30.156
1180.169 -0.917
1180.494 28.010
1180.818 27.937
1181.143 45.864
1181.468 30.791
1181.793 20.719
1182.118 40.646
1182.443 24.573
1182.767 -11.500
1183.092 23.427
1183.417 56.354
1183.742 22.281
1184.067 29.208
1184.392 64.136
1184.716 59.063
1185.041 61.990
1185.366 22.917
1185.691 4.845
1186.016 20.772
1186.341 30.699
1186.665 39.626
1186.990 36.554
1187.315 15.481
1187.640 10.408
1187.965 39.336
1188.290 74.263
1188.614 28.191
1188.939 17.118
1189.264 6.046
1189.589 10.974
1189.914 43.901
1190.238 44.829
1190.563 50.757
1190.888 78.684
1191.213 74.612
1191.538 28.540
1191.863 42.468
1192.187 41.396
1192.512 -2.676
1192.837 36.252
1193.162 2.180
1193.487 27.109
1193.812 22.037
1194.136 9.965
1194.461 21.894
1194.786 30.822
1195.111 27.751
1195.436 5.680
1195.761 -15.392
1196.085 -10.463
1196.410 -0.534
1196.735 -0.605
1197.060 20.324
1197.385 38.253
1197.710 -3.817
1198.034 -5.888
1198.359 2.041
1198.684 13.971
1199.009 36.901
1199.334 -1.170
1199.659 2.760
1199.983 39.690
1200.308 27.620
1200.633 20.550
1200.958 -0.519
1201.283 6.411
1201.608 41.341
1201.932 12.272
1202.257 -1.797
1202.582 4.134
1202.907 50.065
1203.232 62.996
1203.556 50.927
1203.881 32.859
1204.206 30.790
1204.531 2.722
1204.856 -14.346
1205.181 40.586
1205.505 56.518
1205.830 2.450
1206.155 -8.618
1206.480 32.315
1206.805 23.248
1207.130 1.180
1207.454 2.113
1207.779 18.047
1208.104 2.980
1208.429 -16.087
1208.754 6.847
1209.079 11.781
1209.403 4.715
1209.728 35.649
1210.053 51.584
1210.378 21.518
1210.703 52.453
1211.028 56.388
1211.352 6.323
1211.677 62.258
1212.002 62.194
1212.327 48.129
1212.652 57.065
1212.977 38.001
1213.301 26.938
1213.626 22.874
1213.951 -14.189
1214.276 -20.252
1214.601 -25.315
1214.926 4.622
1215.250 7.560
1215.575 -8.502
1215.900 15.436
1216.225 63.374
1216.550 -0.687
1216.875 -25.749
1217.199 11.190
1217.524 8.129
1217.849 6.069
1218.174 25.008
1218.499 0.948
1218.823 2.889
1219.148 25.829
1219.473 13.770
1219.798 -3.290
1220.123 -19.348
1220.448 -23.407
1220.772 -15.465
1221.097 8.477
1221.422 52.419
1221.747 47.361
1222.072 -60.696
1222.397 -21.753
1222.721 2.190
1223.046 -7.866
1223.371 24.078
1223.696 2.022
