165.214 34.417
165.472 48.417
165.730 29.417
165.987 11.416
166.245 54.416
166.503 54.416
166.761 51.415
167.019 77.415
167.277 36.415
167.534 35.414
167.792 45.414
168.050 51.414
168.308 35.413
168.566 5.413
168.824 14.413
169.081 40.413
169.339 42.412
169.597 34.412
169.855 60.412
170.113 73.411
170.371 50.411
170.628 48.411
170.886 48.410
171.144 44.410
171.402 40.410
171.660 47.409
171.917 47.409
172.175 34.409
172.433 5.409
172.691 29.408
172.949 59.408
173.207 50.408
173.464 36.407
173.722 38.407
173.980 59.407
174.238 39.406
174.496 37.406
174.754 49.406
175.011 57.405
175.269 43.405
175.527 18.405
175.785 15.404
176.043 17.404
176.301 19.404
176.558 16.404
176.816 24.403
177.074 60.403
177.332 59.403
177.590 27.402
177.848 21.402
178.105 55.402
178.363 51.401
178.621 29.401
178.879 6.401
179.137 12.400
179.395 29.400
179.652 37.400
179.910 80.399
180.168 39.399
180.426 23.399
180.684 37.398
180.942 28.398
181.199 53.398
181.457 61.398
181.715 30.397
181.973 39.397
182.231 63.397
182.489 65.396
182.746 54.396
183.004 75.396
183.262 51.395
183.520 -6.605
183.778 38.395
184.036 104.394
184.293 36.394
184.551 38.394
184.809 35.393
185.067 50.393
185.325 21.393
185.583 50.392
185.840 55.392
186.098 41.392
186.356 46.391
186.614 25.391
186.872 42.391
187.130 53.390
187.387 45.390
187.645 29.390
187.903 36.389
188.161 29.389
188.419 49.389
188.677 46.388
188.934 23.388
189.192 54.388
189.450 69.387
189.708 21.387
189.966 73.387
190.224 86.387
190.481 89.386
190.739 66.386
190.997 31.386
191.255 37.385
191.513 43.385
191.771 46.385
192.028 71.384
192.286 63.384
192.544 36.384
192.802 45.383
193.060 32.383
193.317 21.383
193.575 15.382
193.833 7.382
194.091 14.382
194.349 30.381
194.607 32.381
194.864 76.381
195.122 102.380
195.380 70.380
195.638 -4.620
195.896 -16.621
196.154 38.379
196.411 54.379
196.669 33.378
196.927 26.378
197.185 27.378
197.443 13.377
197.701 34.377
197.958 78.377
198.216 51.376
198.474 7.376
198.732 17.376
198.990 25.375
199.248 47.375
199.505 75.375
199.763 62.374
200.021 70.374
200.279 29.374
200.537 20.373
200.795 37.373
201.052 48.373
201.310 29.372
201.568 -12.628
201.826 38.371
202.084 57.371
202.342 49.371
202.599 36.370
202.857 40.370
203.115 78.370
203.373 55.369
203.631 6.369
203.889 4.369
204.146 7.368
204.404 31.368
204.662 38.368
204.920 34.367
205.178 31.367
205.436 57.367
205.693 64.366
205.951 59.366
206.209 37.366
206.467 58.365
206.725 33.365
206.983 14.365
207.240 51.364
207.498 32.364
207.756 35.364
208.014 53.363
208.272 29.363
208.530 38.363
208.787 35.362
209.045 9.362
209.303 21.362
209.561 30.361
209.819 25.361
210.077 62.360
210.334 57.360
210.592 13.360
210.850 3.359
211.108 39.359
211.366 21.359
211.624 5.358
211.881 29.358
212.139 27.358
212.397 22.357
212.655 7.357
212.913 32.357
213.170 72.356
213.428 36.356
213.686 22.356
213.944 35.355
214.202 36.355
214.460 17.355
214.717 9.354
214.975 46.354
215.233 45.353
215.491 27.353
215.749 36.353
216.007 52.352
216.264 36.352
216.522 51.352
216.780 33.351
217.038 46.351
217.296 33.351
217.554 34.350
217.811 43.350
218.069 39.350
218.327 2.349
218.585 22.349
218.843 52.348
219.101 41.348
219.358 68.348
219.616 28.347
219.874 18.347
220.132 24.347
220.390 35.346
220.648 50.346
220.905 50.346
221.163 5.345
221.421 22.345
221.679 25.344
221.937 41.344
222.195 46.344
222.452 38.343
222.710 63.343
222.968 57.343
223.226 21.342
223.484 60.342
223.742 45.342
223.999 -5.659
224.257 19.341
224.515 73.340
224.773 50.340
225.031 73.340
225.289 32.339
225.546 12.339
225.804 8.339
226.062 18.338
226.320 21.338
226.578 -3.662
226.836 9.337
227.093 8.337
227.351 60.336
227.609 62.336
227.867 63.336
228.125 52.335
228.383 21.335
228.640 35.335
228.898 36.334
229.156 -10.666
229.414 10.334
229.672 29.333
229.930 56.333
230.187 42.332
230.445 48.332
230.703 55.332
230.961 53.331
231.219 46.331
231.477 40.331
231.734 54.330
231.992 57.330
232.250 61.329
232.508 77.329
232.766 49.329
233.024 30.328
233.281 21.328
233.539 38.328
233.797 29.327
234.055 19.327
234.313 27.326
234.570 39.326
234.828 50.326
235.086 48.325
235.344 39.325
235.602 55.325
235.860 32.324
236.117 24.324
236.375 42.323
236.633 36.323
236.891 40.323
237.149 29.322
237.407 51.322
237.664 79.321
237.922 81.321
238.180 59.321
238.438 34.320
238.696 45.320
238.954 69.320
239.211 24.319
239.469 22.319
239.727 49.318
239.985 60.318
240.243 21.318
240.501 9.317
240.758 22.317
241.016 34.317
241.274 49.316
241.532 32.316
241.790 25.315
242.048 58.315
242.305 56.315
242.563 49.314
242.821 23.314
243.079 -26.687
243.337 -26.687
243.595 10.313
243.852 13.312
244.110 2.312
244.368 41.311
244.626 22.311
244.884 17.311
245.142 52.310
245.399 88.310
245.657 30.310
245.915 -18.691
246.173 12.309
246.431 55.308
246.689 22.308
246.946 5.308
247.204 47.307
247.462 46.307
247.720 11.306
247.978 67.306
248.236 65.306
248.493 6.305
248.751 -29.695
249.009 -4.696
249.267 22.304
249.525 52.304
249.783 43.303
250.040 41.303
250.298 71.302
250.556 48.302
250.814 37.302
251.072 16.301
251.330 13.301
251.587 38.300
251.845 73.300
252.103 79.300
252.361 78.299
252.619 57.299
252.877 5.298
253.134 17.298
253.392 56.298
253.650 35.297
253.910 17.297
254.170 15.296
254.430 42.296
254.690 71.296
254.950 63.295
255.209 21.295
255.469 3.294
255.729 35.294
255.989 -5.706
256.249 -12.707
256.509 -7.707
256.769 26.292
257.029 29.292
257.289 27.292
257.549 30.291
257.809 43.291
258.069 42.290
258.328 -7.710
258.588 15.290
258.848 17.289
259.108 11.289
259.368 46.288
259.628 63.288
259.888 45.288
260.148 29.287
260.408 38.287
260.668 33.286
260.928 30.286
261.187 9.285
261.447 -1.715
261.707 -29.715
261.967 22.284
262.227 60.284
262.487 81.283
262.747 69.283
263.007 52.283
263.267 0.282
263.527 -9.718
263.787 40.281
264.047 43.281
264.306 48.280
264.566 57.280
264.826 77.280
265.086 57.279
265.346 48.279
265.606 62.278
265.866 47.278
266.126 35.278
266.386 46.277
266.646 52.277
266.906 46.276
267.165 42.276
267.425 58.275
267.685 43.275
267.945 31.275
268.205 40.274
268.465 23.274
268.725 29.273
268.985 56.273
269.245 41.273
269.505 48.272
269.765 18.272
270.024 23.271
270.284 38.271
270.544 37.270
270.804 65.270
271.064 60.270
271.324 10.269
271.584 0.269
271.844 26.268
272.104 75.268
272.364 84.267
272.624 41.267
272.884 11.267
273.143 38.266
273.403 51.266
273.663 28.265
273.923 20.265
274.183 49.264
274.443 47.264
274.703 27.264
274.963 28.263
275.223 47.263
275.483 57.262
275.743 35.262
276.002 41.261
276.262 49.261
276.522 43.261
276.782 -0.740
277.042 35.260
277.302 53.259
277.562 47.259
277.822 35.258
278.082 68.258
278.342 80.258
278.602 43.257
278.862 -9.743
279.121 -2.744
279.381 39.256
279.641 69.255
279.901 51.255
280.161 25.254
280.421 43.254
280.681 58.254
280.941 40.253
281.201 11.253
281.461 37.252
281.721 35.252
281.980 10.251
282.240 29.251
282.500 57.250
282.760 60.250
283.020 66.250
283.280 43.249
283.540 11.249
283.800 5.248
284.060 7.248
284.320 4.247
284.580 38.247
284.840 45.246
285.099 32.246
285.359 48.246
285.619 29.245
285.879 4.245
286.139 17.244
286.399 32.244
286.659 8.243
286.919 17.243
287.179 44.242
287.439 33.242
287.699 6.242
287.958 34.241
288.218 35.241
288.478 -6.760
288.738 20.240
288.998 5.239
289.258 11.239
289.518 34.238
289.778 9.238
290.038 57.238
290.298 66.237
290.558 37.237
290.818 41.236
291.077 74.236
291.337 -11.765
291.597 -14.765
291.857 6.234
292.117 79.234
292.377 50.233
292.637 31.233
292.897 42.233
293.157 56.232
293.417 51.232
293.677 54.231
293.936 52.231
294.196 33.230
294.456 18.230
294.716 47.229
294.976 46.229
295.236 27.228
295.496 64.228
295.756 89.227
296.016 39.227
296.276 32.227
296.536 28.226
296.796 11.226
297.055 28.225
297.315 73.225
297.575 58.224
297.835 28.224
298.095 29.223
298.355 14.223
298.615 19.222
298.875 34.222
299.135 32.221
299.395 32.221
299.655 27.220
299.914 11.220
300.174 58.220
300.434 58.219
300.694 41.219
300.954 38.218
301.214 48.218
301.474 36.217
301.734 28.217
301.994 37.216
302.254 55.216
302.514 48.215
302.773 16.215
303.033 23.214
303.293 53.214
303.553 8.213
303.813 -8.787
304.073 5.212
304.333 2.212
304.593 8.211
304.853 13.211
305.113 -12.789
305.373 -7.790
305.633 35.210
305.892 56.209
306.152 33.209
306.412 38.208
306.672 52.208
306.932 18.207
307.192 44.207
307.452 64.206
307.712 57.206
307.972 51.205
308.232 43.205
308.492 41.204
308.751 39.204
309.011 44.203
309.271 38.203
309.531 22.202
309.791 20.202
310.051 22.201
310.311 24.201
310.571 9.200
310.831 19.200
311.091 57.199
311.351 39.199
311.611 43.198
311.870 9.198
312.130 5.197
312.390 45.197
312.650 27.197
312.910 66.196
313.170 40.196
313.434 50.195
313.698 54.195
313.963 57.194
314.227 31.194
314.491 39.193
314.755 15.193
315.019 36.192
315.284 78.192
315.548 54.191
315.812 38.191
316.076 48.190
316.340 13.190
316.604 -2.811
316.869 17.189
317.133 7.188
317.397 -32.812
317.661 -13.813
317.925 71.187
318.190 57.186
318.454 52.186
318.718 50.185
318.982 11.185
319.246 20.184
319.511 25.184
319.775 5.183
320.039 76.183
320.303 62.182
320.567 59.182
320.832 54.181
321.096 63.181
321.360 56.180
321.624 40.180
321.888 15.179
322.153 2.179
322.417 42.178
322.681 58.178
322.945 49.177
323.209 26.177
323.473 33.176
323.738 35.176
324.002 14.175
324.266 50.175
324.530 41.174
324.794 -9.827
325.059 19.173
325.323 64.172
325.587 60.172
325.851 39.171
326.115 68.171
326.380 36.170
326.644 37.170
326.908 19.169
327.172 26.169
327.436 38.168
327.701 59.168
327.965 9.167
328.229 13.167
328.493 33.166
328.757 56.166
329.022 25.165
329.286 14.165
329.550 -6.836
329.814 -2.836
330.078 32.163
330.342 20.163
330.607 5.162
330.871 61.162
331.135 83.161
331.399 18.161
331.663 -19.840
331.928 40.160
332.192 50.159
332.456 5.158
332.720 16.158
332.984 73.157
333.249 82.157
333.513 41.156
333.777 63.156
334.041 86.155
334.305 84.155
334.570 20.154
334.834 9.154
335.098 0.153
335.362 40.153
335.626 52.152
335.891 60.152
336.155 51.151
336.419 48.151
336.683 58.150
336.947 37.149
337.211 9.149
337.476 7.148
337.740 12.148
338.004 26.147
338.268 35.147
338.532 58.146
338.797 53.146
339.061 42.145
339.325 46.145
339.589 62.144
339.853 63.144
340.118 49.143
340.382 84.142
340.646 48.142
340.910 37.141
341.174 73.141
341.439 50.140
341.703 57.140
341.967 46.139
342.231 7.139
342.495 -8.862
342.759 6.138
343.024 75.137
343.288 36.137
343.552 38.136
343.816 33.135
344.080 52.135
344.345 39.134
344.609 59.134
344.873 42.133
345.137 39.133
345.401 44.132
345.666 34.132
345.930 29.131
346.194 49.130
346.458 22.130
346.722 29.129
346.987 44.129
347.251 27.128
347.515 25.128
347.779 19.127
348.043 28.127
348.308 52.126
348.572 46.126
348.836 41.125
349.100 68.124
349.364 48.124
349.628 8.123
349.893 1.123
350.157 44.122
350.421 48.122
350.685 42.121
350.949 6.120
351.214 11.120
351.478 57.119
351.742 64.119
352.006 31.118
352.270 29.118
352.535 13.117
352.799 32.117
353.063 59.116
353.327 59.115
353.591 52.115
353.856 38.114
354.120 12.114
354.384 50.113
354.648 43.113
354.912 -4.888
355.177 33.111
355.441 38.111
355.705 27.110
355.969 14.110
356.233 37.109
356.497 72.109
356.762 47.108
357.026 47.107
357.290 44.107
357.554 -5.894
357.818 -4.894
358.083 39.105
358.347 50.105
358.611 19.104
358.875 48.103
359.139 70.103
359.404 49.102
359.668 34.102
359.932 23.101
360.196 62.101
360.460 55.100
360.725 46.099
360.989 34.099
361.253 39.098
361.517 65.098
361.781 66.097
362.046 57.096
362.310 33.096
362.574 41.095
362.838 36.095
363.102 54.094
363.366 53.094
363.631 57.093
363.895 70.092
364.159 73.092
364.423 17.091
364.687 28.091
364.952 43.090
365.216 26.089
365.480 2.089
365.747 4.088
366.013 6.088
366.280 43.087
366.546 67.086
366.813 58.086
367.079 57.085
367.346 37.085
367.612 29.084
367.879 45.083
368.145 22.083
368.412 34.082
368.678 54.082
368.945 33.081
369.211 19.080
369.478 51.080
369.744 37.079
370.011 -2.921
370.278 56.078
370.544 62.077
370.811 33.077
371.077 19.076
371.344 60.076
371.610 60.075
371.877 70.074
372.143 64.074
372.410 51.073
372.676 44.073
372.943 43.072
373.209 8.071
373.476 25.071
373.742 43.070
374.009 77.070
374.276 75.069
374.542 64.068
374.809 65.068
375.075 37.067
375.342 13.067
375.608 -6.934
375.875 -15.935
376.141 14.065
376.408 28.064
376.674 32.063
376.941 61.063
377.207 28.062
377.474 29.062
377.740 33.061
378.007 34.060
378.273 20.060
378.540 12.059
378.807 11.059
379.073 41.058
379.340 23.057
379.606 44.057
379.873 28.056
380.139 33.055
380.406 38.055
380.672 27.054
380.939 20.054
381.205 7.053
381.472 43.052
381.738 57.052
382.005 24.051
382.271 16.050
382.538 32.050
382.804 29.049
383.071 17.049
383.338 -20.952
383.604 4.047
383.871 7.047
384.137 46.046
384.404 49.045
384.670 39.045
384.937 12.044
385.203 29.043
385.470 23.043
385.736 -0.958
386.003 13.042
386.269 16.041
386.536 46.040
386.802 71.040
387.069 67.039
387.336 78.038
387.602 55.038
387.869 39.037
388.135 43.036
388.402 -9.964
388.668 -15.965
388.935 33.035
389.201 38.034
389.468 22.033
389.734 43.033
390.001 94.032
390.267 83.031
390.534 28.031
390.800 30.030
391.067 52.029
391.333 28.029
391.600 3.028
391.867 14.027
392.133 39.027
392.400 59.026
392.666 39.025
392.933 40.025
393.199 29.024
393.466 14.023
393.732 42.023
393.999 7.022
394.265 42.022
394.532 59.021
394.798 36.020
395.065 14.020
395.331 15.019
395.598 35.018
395.864 13.018
396.131 12.017
396.398 2.016
396.664 3.016
396.931 33.015
397.197 64.014
397.464 45.014
397.730 48.013
397.997 49.012
398.263 28.012
398.530 14.011
398.796 28.010
399.063 29.010
399.329 54.009
399.596 43.008
399.862 13.008
400.129 2.007
400.396 24.006
400.662 39.006
400.929 45.005
401.195 29.004
401.462 -0.996
401.728 1.003
401.995 32.002
402.261 34.001
402.528 41.001
402.794 82.000
403.061 68.999
403.327 50.999
403.594 52.998
403.860 45.997
404.127 36.997
404.393 11.996
404.660 16.995
404.934 56.995
405.207 80.994
405.481 29.993
405.754 67.993
406.028 61.992
406.301 31.991
406.575 13.991
406.848 -12.010
407.122 -12.011
407.395 24.989
407.669 64.988
407.942 75.987
408.216 21.986
408.489 36.986
408.763 79.985
409.036 55.984
409.310 41.984
409.583 53.983
409.857 12.982
410.130 26.982
410.404 40.981
410.677 33.980
410.951 27.979
411.224 -0.021
411.498 33.978
411.771 75.977
412.045 45.977
412.318 24.976
412.592 22.975
412.865 65.975
413.139 46.974
413.412 24.973
413.686 41.972
413.959 44.972
414.233 42.971
414.506 20.970
414.780 29.970
415.053 24.969
415.327 68.968
415.600 53.967
415.874 33.967
416.147 30.966
416.421 47.965
416.694 44.965
416.968 12.964
417.241 2.963
417.515 35.962
417.788 37.962
418.062 60.961
418.335 37.960
418.609 4.960
418.882 -0.041
419.156 20.958
419.429 47.957
419.703 40.957
419.976 41.956
420.250 26.955
420.524 -0.045
420.797 53.954
421.071 65.953
421.344 46.952
421.618 58.952
421.891 60.951
422.165 36.950
422.438 39.949
422.712 80.949
422.985 53.948
423.259 26.947
423.532 10.947
423.806 5.946
424.079 40.945
424.353 44.944
424.626 50.944
424.900 48.943
425.173 48.942
425.447 68.941
425.720 43.941
425.994 48.940
426.267 34.939
426.541 25.938
426.814 25.938
427.088 25.937
427.361 21.936
427.635 43.935
427.908 49.935
428.182 14.934
428.455 12.933
428.729 21.932
429.002 60.932
429.276 29.931
429.549 4.930
429.823 31.929
430.096 57.929
430.370 55.928
430.643 30.927
430.917 21.926
431.190 8.926
431.464 11.925
431.737 77.924
432.011 88.923
432.284 24.923
432.558 22.922
432.831 75.921
433.105 64.920
433.378 58.920
433.652 50.919
433.925 5.918
434.199 8.917
434.472 27.917
434.746 17.916
435.019 39.915
435.293 8.914
435.566 -28.087
435.840 -1.087
436.118 3.912
436.395 23.911
436.673 55.910
436.951 56.910
437.228 49.909
437.506 57.908
437.784 44.907
438.061 12.907
438.339 -0.094
438.617 31.905
438.894 33.904
439.172 42.903
439.450 54.903
439.727 61.902
440.005 38.901
440.283 13.900
440.560 26.900
440.838 1.899
441.115 25.898
441.393 61.897
441.671 68.896
441.948 45.896
442.226 53.895
442.504 49.894
442.781 38.893
443.059 43.892
443.337 40.892
443.614 34.891
443.892 31.890
444.170 57.889
444.447 52.889
444.725 57.888
445.003 49.887
445.280 15.886
445.558 20.885
445.836 57.885
446.113 31.884
446.391 33.883
446.669 18.882
446.946 34.881
447.224 38.881
447.502 72.662
447.779 76.573
448.057 56.595
448.335 45.604
448.612 43.571
448.890 35.591
449.168 13.751
449.445 26.634
449.723 42.449
450.001 52.349
450.278 56.309
450.556 83.040
450.834 76.109
451.111 77.098
451.389 46.404
451.666 73.136
451.944 30.591
452.222 21.671
452.499 45.456
452.777 43.516
453.055 68.385
453.332 93.303
453.610 45.634
453.888 41.694
454.165 58.684
454.443 47.764
454.721 26.832
454.998 47.858
455.276 40.939
455.554 52.064
455.831 48.096
456.109 50.155
456.387 56.304
456.664 48.287
456.942 67.595
457.220 31.226
457.497 16.075
457.775 28.273
458.053 57.832
458.330 33.450
458.608 44.696
458.886 66.237
459.163 68.349
459.441 41.806
459.719 25.454
459.996 18.319
460.274 30.670
460.552 51.277
460.829 69.866
461.107 60.659
461.384 85.489
461.662 90.741
461.940 88.766
462.217 40.203
462.495 26.772
462.773 53.714
463.050 79.703
463.328 51.747
463.606 75.630
463.883 41.404
464.161 34.127
464.439 45.560
464.716 28.958
464.994 33.119
465.272 22.712
465.549 16.468
465.827 39.360
466.105 57.049
466.382 64.332
466.660 43.519
466.938 17.504
467.215 29.959
467.493 44.511
467.771 46.589
468.048 38.232
468.326 25.744
468.604 23.668
468.881 60.948
469.159 48.462
469.437 61.855
469.714 25.659
469.992 13.222
470.270 -1.226
470.547 69.835
470.825 83.137
471.102 57.357
471.380 8.016
471.658 44.930
471.935 59.227
472.213 65.307
472.491 42.700
472.768 37.554
473.046 43.631
473.324 -4.276
473.601 27.264
473.879 26.219
474.157 32.283
474.434 99.186
474.712 88.953
474.990 33.194
475.267 75.703
475.545 70.570
475.823 71.508
476.100 66.390
476.378 35.107
476.656 41.119
476.933 84.465
477.211 50.190
477.489 39.061
477.766 50.138
478.044 72.219
478.322 69.200
478.599 41.030
478.877 18.897
479.155 44.047
479.432 51.088
479.710 57.123
479.988 55.110
480.265 49.073
480.543 45.093
480.820 28.980
481.098 66.240
481.376 63.281
481.653 45.135
481.931 32.029
482.209 4.816
482.486 47.196
482.764 86.637
483.042 61.445
483.319 61.444
483.597 68.591
483.875 65.553
484.152 18.000
484.430 31.170
484.708 34.209
484.985 8.887
485.263 48.489
485.541 62.702
485.818 63.716
486.096 28.211
486.374 -14.473
486.651 -21.588
486.929 6.873
487.207 10.941
487.484 41.459
487.762 72.994
488.040 55.699
488.317 43.535
488.595 31.314
488.873 14.002
489.150 15.019
489.428 48.623
489.706 51.677
489.983 34.365
490.261 36.400
490.539 67.967
490.816 38.435
491.094 41.447
491.371 49.584
491.649 27.203
491.927 -0.265
492.204 9.897
492.482 20.038
492.760 22.067
493.037 71.740
493.315 78.758
493.593 56.468
493.870 23.009
494.148 27.029
494.426 55.339
494.703 48.212
494.981 52.198
495.259 5.774
495.536 -9.339
495.814 47.008
496.092 39.924
496.369 8.759
496.647 54.888
496.925 65.854
497.202 29.751
497.480 30.720
497.758 51.616
498.035 56.548
498.313 57.487
498.591 34.543
498.868 34.474
499.146 76.105
499.424 79.002
499.701 49.220
499.979 21.454
500.257 51.046
500.534 54.886
500.812 57.784
501.089 44.943
501.367 69.388
501.645 112.456
501.922 81.902
502.200 43.655
502.478 46.493
502.755 56.184
503.033 38.544
503.311 43.313
503.588 60.636
503.866 56.657
504.144 39.206
504.421 69.832
504.699 72.573
504.977 58.024
505.254 56.004
505.532 57.746
505.810 36.708
506.087 27.168
506.365 52.585
506.643 50.553
506.920 50.409
507.198 21.241
507.476 49.191
507.753 44.439
508.031 29.444
508.309 28.435
508.586 47.763
508.864 37.492
509.142 54.851
509.419 90.446
509.697 87.535
509.975 50.798
510.252 48.883
510.530 48.749
510.808 61.352
511.085 52.191
511.363 27.705
511.640 25.851
511.918 48.306
512.196 46.463
512.473 61.694
512.751 93.954
513.029 49.922
513.306 23.912
513.584 8.657
513.862 28.369
514.139 44.537
514.417 23.909
514.695 65.163
514.972 58.937
515.250 42.817
515.528 57.294
515.805 77.165
516.083 81.816
516.361 62.918
516.638 42.217
516.916 53.172
517.194 50.497
517.471 71.497
517.749 74.358
518.027 71.756
518.304 57.261
518.582 39.050
518.860 50.129
519.137 88.742
519.415 113.743
519.693 152.662
519.970 177.873
520.248 166.946
520.526 223.736
520.803 251.746
521.081 284.710
521.358 339.806
521.636 350.354
521.914 393.876
522.191 440.884
522.469 478.643
522.747 529.557
523.024 552.502
523.302 567.063
523.580 606.019
523.857 684.744
524.135 729.475
524.413 738.610
524.690 815.604
524.968 882.270
525.246 885.917
525.523 958.285
525.801 978.021
526.079 1017.510
526.356 1096.530
526.634 1100.292
526.912 1143.565
527.189 1178.371
527.467 1152.029
527.745 1173.665
528.022 1268.678
528.300 1291.255
528.578 1251.743
528.855 1239.512
529.133 1219.756
529.411 1208.466
529.688 1134.147
529.966 1163.309
530.244 1147.454
530.521 1124.854
530.799 1122.970
531.077 1047.684
531.354 960.030
531.632 952.444
531.909 919.348
532.187 864.450
532.465 815.125
532.742 763.812
533.020 726.621
533.298 651.077
533.575 636.139
533.853 582.458
534.131 540.630
534.408 552.179
534.686 498.638
534.964 434.335
535.241 375.554
535.519 340.631
535.797 316.496
536.074 290.970
536.352 246.917
536.630 198.805
536.907 155.374
537.185 169.334
537.463 148.159
537.740 138.654
538.018 142.850
538.296 105.765
538.573 59.608
538.851 46.904
539.129 43.988
539.406 89.484
539.684 85.615
539.962 49.065
540.239 22.354
540.517 33.287
540.795 23.389
541.072 2.534
541.350 12.463
541.627 85.947
541.905 38.318
542.183 23.406
542.460 80.065
542.738 21.394
543.016 7.491
543.293 30.330
543.571 32.314
543.849 39.226
544.126 43.193
544.404 41.207
544.682 32.278
544.959 27.316
545.237 57.077
545.515 41.203
545.792 73.866
546.070 71.883
546.353 49.087
546.637 50.077
546.920 89.808
547.204 87.822
547.487 87.821
547.770 45.161
548.054 -3.454
548.337 -2.463
548.621 13.425
548.904 -2.467
549.187 1.507
549.471 33.349
549.754 58.223
550.038 41.347
550.321 80.271
550.604 81.348
550.888 62.384
551.171 38.469
551.455 3.507
551.738 13.519
552.021 3.508
552.305 15.534
552.588 36.612
552.871 71.788
553.155 69.849
553.438 6.537
553.722 26.684
554.005 51.911
554.288 61.044
554.572 58.074
554.855 38.920
555.139 35.922
555.422 49.128
555.705 85.688
555.989 48.210
556.272 27.933
556.556 72.721
556.839 65.665
557.122 35.114
557.406 11.703
557.689 0.489
557.973 37.260
558.256 58.770
558.539 94.556
558.823 71.110
559.106 61.960
559.390 55.811
559.673 52.790
559.956 52.789
560.240 -1.573
560.523 17.933
560.807 70.365
561.090 66.253
561.373 45.697
561.657 40.556
561.940 44.666
562.223 44.665
562.507 74.468
562.790 37.468
563.074 17.939
563.357 35.410
563.640 32.325
563.924 36.397
564.207 68.224
564.491 91.836
564.774 77.382
565.057 47.637
565.341 56.808
565.624 16.848
565.908 8.650
566.191 44.463
566.474 37.297
566.758 -3.642
567.041 21.919
567.325 42.324
567.608 40.280
567.891 32.074
568.175 33.093
568.458 30.000
568.742 10.631
569.025 48.297
569.308 77.827
569.592 45.193
569.875 27.898
570.159 59.372
570.442 70.478
570.725 51.187
571.009 45.049
571.292 51.133
571.576 70.330
571.859 46.978
572.142 41.916
572.426 66.139
572.709 66.071
572.992 64.049
573.276 43.802
573.559 15.530
573.843 32.666
574.126 53.780
574.409 42.658
574.693 56.741
574.976 76.783
575.260 32.528
575.543 14.454
575.826 25.471
576.110 32.459
576.393 30.423
576.677 76.467
576.960 48.390
577.249 37.388
577.538 40.346
577.827 55.275
578.115 42.257
578.404 56.214
578.693 38.228
578.982 33.214
579.271 19.282
579.560 14.291
579.848 28.206
580.137 31.187
580.426 75.842
580.715 64.917
581.004 31.152
581.293 26.159
581.581 -5.588
581.870 14.252
582.159 29.131
582.448 24.170
582.737 55.914
583.026 68.810
583.314 49.959
583.603 42.021
583.892 53.925
584.181 38.050
584.470 12.267
584.759 35.106
585.048 20.229
585.336 -5.617
585.625 27.211
585.914 36.201
586.203 64.088
586.492 80.103
586.781 49.194
587.069 42.256
587.358 51.288
587.647 37.300
587.936 18.336
588.225 61.335
588.514 78.411
588.802 68.469
589.091 20.371
589.380 23.399
589.669 53.595
589.958 23.467
590.247 20.468
590.536 36.616
590.824 32.615
591.113 69.010
591.402 65.100
591.691 55.032
591.980 81.456
592.269 37.882
592.557 5.399
592.846 36.939
593.135 32.902
593.424 -4.778
593.713 10.506
594.002 47.202
594.290 80.840
594.579 50.308
594.868 14.593
595.157 9.489
595.446 -8.880
595.735 -7.861
596.023 49.230
596.312 39.035
596.601 47.140
596.890 73.540
597.179 39.928
597.468 39.886
597.757 61.080
598.045 41.786
598.334 45.740
598.623 37.620
598.912 42.578
599.201 28.420
599.490 58.452
599.778 65.406
600.067 86.274
600.356 60.152
600.645 57.042
600.934 43.011
601.223 59.849
601.511 52.791
601.800 14.123
602.089 32.901
602.378 68.373
602.667 38.718
602.956 38.678
603.244 55.371
603.533 45.482
603.822 65.082
604.111 42.487
604.400 10.059
604.689 17.909
604.978 0.243
605.266 31.614
605.555 51.220
605.844 36.477
606.133 53.126
606.422 67.815
606.711 35.493
606.999 43.327
607.288 38.428
607.577 21.776
607.866 30.589
608.155 31.567
608.444 38.422
608.732 54.091
609.021 64.863
609.310 62.903
609.599 62.901
609.888 54.085
610.177 58.001
610.466 37.431
610.754 16.862
611.043 33.510
611.332 73.666
611.621 33.507
611.910 29.588
612.199 50.154
612.487 14.893
612.776 3.139
613.065 32.520
613.354 81.490
613.643 69.735
613.932 45.248
614.220 23.699
614.509 27.588
614.798 23.672
615.087 34.434
615.376 49.109
615.665 31.495
615.953 11.924
616.242 37.363
616.531 51.060
616.820 53.015
617.109 47.143
617.398 71.673
617.687 37.355
617.975 11.913
618.264 35.395
618.553 41.264
618.842 12.887
619.131 11.906
619.420 54.958
619.708 79.418
619.997 60.825
620.286 70.608
620.575 54.951
620.864 57.828
621.153 27.524
621.441 -1.803
621.730 19.700
622.019 42.140
622.308 42.139
622.597 67.528
622.886 49.899
623.174 34.288
623.463 61.603
623.752 84.933
624.041 63.489
624.330 13.780
624.619 41.069
624.908 21.553
625.196 43.946
625.485 17.655
625.774 28.364
626.063 53.626
626.352 40.979
626.641 44.868
626.929 43.851
627.218 22.447
627.507 37.009
627.796 52.490
628.085 55.345
628.374 35.894
628.662 15.567
628.951 30.965
629.240 62.605
629.529 31.773
629.818 29.766
630.107 62.122
630.396 78.994
630.684 80.664
630.973 44.474
631.262 9.498
631.551 18.833
631.840 26.206
632.129 73.505
632.417 76.863
632.706 22.201
632.995 32.189
633.284 93.227
633.573 41.893
633.862 58.044
634.150 39.746
634.439 14.445
634.728 42.144
635.017 56.265
635.306 60.508
635.595 41.729
635.883 52.226
636.172 50.323
636.461 56.395
636.750 41.355
637.039 63.267
637.328 63.210
637.617 42.155
637.905 60.575
638.194 48.293
638.483 50.967
638.772 65.070
639.061 23.810
639.350 48.542
639.638 87.495
639.927 63.754
640.216 59.486
640.505 40.070
640.794 40.176
641.083 -8.913
641.371 0.927
641.660 27.906
641.949 55.933
642.238 66.933
642.527 61.729
642.816 76.455
643.104 43.816
643.393 11.912
643.682 17.448
643.971 27.640
644.260 41.565
644.549 37.940
644.838 41.754
645.126 42.799
645.415 47.581
645.704 8.424
645.993 15.936
646.282 24.437
646.571 17.890
646.859 52.878
647.148 66.221
647.437 52.176
647.726 48.471
648.015 15.229
648.304 25.777
648.592 31.566
648.881 36.418
649.170 41.290
649.459 30.780
649.748 48.242
650.037 52.202
650.326 35.828
650.614 66.964
650.903 38.882
651.192 48.703
651.481 66.374
651.770 47.864
652.059 46.977
652.347 41.179
652.636 37.288
652.925 33.422
653.214 34.439
653.503 60.171
653.792 40.466
654.080 35.558
654.369 31.631
654.658 9.857
654.947 33.674
655.236 69.455
655.525 37.713
655.813 56.654
656.102 54.717
656.391 56.763
656.680 54.822
656.969 38.891
657.258 29.898
657.547 2.926
657.835 -14.091
658.124 7.929
658.413 49.018
658.702 33.986
658.991 13.957
659.280 70.124
659.568 102.321
659.857 64.166
660.146 32.036
660.435 40.106
660.724 44.124
661.013 23.016
661.301 17.989
661.590 66.295
661.879 96.474
662.168 95.466
662.457 102.506
662.746 71.317
663.034 37.110
663.323 40.126
663.612 50.184
663.901 53.200
664.190 61.246
664.479 44.142
664.768 30.055
665.056 32.065
665.345 -6.166
665.634 17.976
665.923 32.026
666.212 20.969
666.501 34.032
666.789 43.032
667.078 46.042
667.367 24.956
667.656 7.877
667.945 14.896
668.234 43.982
668.522 64.977
668.811 37.921
669.100 13.871
669.389 23.865
669.678 56.896
669.967 83.837
670.256 52.835
670.544 5.827
670.833 13.817
671.122 43.741
671.411 70.685
671.700 49.675
671.989 42.651
672.277 61.573
672.566 26.684
672.855 52.500
673.144 57.468
673.433 64.361
673.722 84.219
674.010 69.253
674.299 33.536
674.588 31.519
674.877 29.534
675.166 38.414
675.455 14.635
675.743 42.328
676.032 42.284
676.321 35.365
676.610 27.430
676.899 45.197
677.188 52.054
677.477 41.204
677.765 20.491
678.054 38.203
678.343 22.437
678.632 39.145
678.921 37.175
679.210 10.587
679.498 17.468
679.787 61.714
680.076 17.446
680.365 30.214
680.654 81.293
680.943 44.901
681.231 58.637
681.520 58.578
681.809 56.615
682.098 37.985
682.387 14.453
682.676 33.046
682.964 42.838
683.253 40.877
683.542 36.957
683.831 39.893
684.120 34.960
684.409 50.613
684.698 47.675
684.986 11.481
685.275 -1.254
685.564 8.538
685.853 27.145
686.142 41.834
686.431 70.235
686.719 82.966
687.008 48.683
687.297 25.175
687.586 41.823
687.875 12.438
688.164 21.250
688.452 35.939
688.741 4.595
689.030 2.634
689.319 14.371
689.608 37.852
689.897 38.828
690.186 50.568
690.474 48.608
690.763 52.520
691.052 54.474
691.341 20.245
691.630 50.605
691.919 63.336
692.207 57.457
692.496 52.557
692.785 40.842
693.074 18.290
693.363 3.582
693.652 52.651
693.940 84.052
694.229 45.777
694.518 11.438
694.807 18.312
695.096 17.345
695.385 23.242
695.673 42.947
695.962 37.039
696.251 36.053
696.540 20.322
696.835 11.464
697.130 9.490
697.425 41.045
697.720 39.109
698.015 35.158
698.310 22.344
698.605 44.081
698.900 25.304
699.195 3.566
699.490 -1.382
699.785 -0.396
700.080 29.305
700.375 53.117
700.670 46.177
700.965 30.347
701.260 56.139
701.555 81.018
701.850 46.259
702.145 62.145
702.440 60.216
702.735 71.148
703.030 81.167
703.324 59.274
703.619 38.414
703.914 38.412
704.209 27.453
704.504 30.438
704.799 56.388
705.094 58.380
705.389 13.512
705.684 13.509
705.979 39.429
706.274 79.386
706.569 80.381
706.864 32.507
707.159 52.485
707.454 30.504
707.749 -11.468
708.044 19.529
708.339 10.527
708.634 15.524
708.929 57.579
709.224 45.610
709.519 38.594
709.814 51.669
710.109 51.666
710.404 59.747
710.699 48.701
710.994 19.601
711.289 21.609
711.584 8.549
711.879 16.595
712.174 47.779
712.469 58.902
712.764 27.681
713.059 29.693
713.354 16.615
713.649 -0.525
713.944 23.666
714.239 22.655
714.534 31.725
714.829 47.852
715.124 42.809
715.419 20.628
715.714 25.666
716.009 39.776
716.304 54.950
716.598 55.956
716.893 35.808
717.188 32.775
717.483 68.195
717.778 57.127
718.073 28.814
718.368 12.600
718.663 18.695
718.958 9.574
719.253 32.955
719.548 42.142
719.843 20.797
720.138 6.544
720.433 27.948
720.728 42.259
721.023 43.321
721.318 11.653
721.613 40.292
721.908 42.335
722.203 44.422
722.498 19.854
722.793 39.339
723.088 36.262
723.383 70.071
723.678 78.345
723.973 56.804
724.268 30.134
724.563 36.285
724.858 20.898
725.153 11.664
725.448 6.533
725.743 4.474
726.038 42.381
726.333 20.862
726.628 44.379
726.923 59.729
727.218 43.305
727.513 17.740
727.808 -0.667
728.103 4.432
728.398 35.006
728.693 20.732
728.988 -3.732
729.283 21.701
729.578 35.904
729.873 14.559
730.167 18.603
730.462 6.410
730.757 58.073
731.052 45.865
731.347 8.413
731.642 17.501
731.937 62.935
732.232 48.791
732.527 16.448
732.822 39.614
733.117 65.754
733.412 37.554
733.707 47.574
734.002 27.422
734.297 -5.741
734.592 27.361
734.887 38.353
735.182 44.362
735.477 39.310
735.772 28.267
736.067 2.262
736.362 4.253
736.657 36.186
736.952 81.012
737.247 57.024
737.542 37.101
737.837 34.076
738.132 37.058
738.427 38.012
738.722 59.878
739.017 32.010
739.312 2.216
739.607 22.052
739.902 20.064
740.197 -5.727
740.492 24.003
740.787 32.887
741.082 76.448
741.377 45.707
741.672 57.516
741.967 39.727
742.262 56.466
742.557 58.380
742.852 32.736
743.147 19.893
743.442 21.860
743.736 55.354
744.031 58.250
744.326 34.624
744.621 31.669
744.916 38.517
745.211 33.598
745.506 13.929
745.801 22.775
746.096 53.202
746.391 54.181
746.686 56.143
746.981 38.420
747.276 49.212
747.571 24.675
747.866 18.765
748.161 26.605
748.456 45.229
748.751 66.729
749.046 72.603
749.341 13.834
749.636 28.494
749.931 66.651
750.226 42.186
750.521 24.571
750.816 30.438
751.111 13.801
751.406 26.518
751.701 30.429
751.996 43.146
752.291 85.217
752.586 80.321
752.881 60.749
753.176 35.305
753.471 -4.816
753.766 -0.905
754.061 -10.703
754.356 22.594
754.651 48.056
754.946 16.711
755.241 36.296
755.536 34.334
755.831 12.783
756.126 65.605
756.421 47.989
756.716 57.771
757.010 69.509
757.305 59.721
757.600 76.352
757.895 23.511
758.190 18.597
758.485 24.483
758.780 27.415
759.075 0.014
759.370 18.602
759.665 0.986
759.960 -8.811
760.255 45.055
760.550 50.928
760.845 33.327
761.140 42.148
761.435 47.092
761.730 38.294
762.025 30.432
762.320 4.894
762.615 -24.608
762.910 -17.729
763.205 12.762
763.500 42.286
763.802 36.413
764.104 30.498
764.406 26.554
764.708 58.135
765.010 26.573
765.312 -9.919
765.615 18.695
765.917 8.820
766.219 20.683
766.521 34.513
766.823 53.284
767.125 53.334
767.427 34.537
767.729 1.894
768.031 44.465
768.333 59.313
768.635 46.484
768.937 51.436
769.239 58.370
769.542 40.567
769.844 21.714
770.146 5.838
770.448 17.756
770.750 34.635
771.052 16.773
771.354 -0.130
771.656 42.653
771.958 55.584
772.260 50.656
772.562 71.640
772.864 54.742
773.166 58.730
773.468 45.798
773.771 37.840
774.073 71.908
774.375 36.907
774.677 -16.203
774.979 13.867
775.281 30.945
775.583 37.003
775.885 12.879
776.187 21.942
776.489 35.052
776.791 18.954
777.093 28.052
777.395 44.238
777.698 27.090
778.000 51.405
778.302 56.519
778.604 58.601
778.906 48.504
779.208 25.175
779.510 27.232
779.812 7.907
780.114 10.969
780.416 17.117
780.718 36.558
781.020 42.732
781.322 54.043
781.625 58.197
781.927 53.064
782.229 69.542
782.531 22.333
782.833 13.093
783.135 17.222
783.437 -20.909
783.739 40.985
784.041 60.651
784.343 70.017
784.645 80.437
784.947 44.247
785.249 1.758
785.552 18.370
785.854 39.175
786.156 40.253
786.458 31.957
786.760 42.414
787.062 19.489
787.364 25.775
787.666 46.718
787.968 69.800
788.270 28.988
788.572 9.077
788.874 -7.732
789.176 -27.745
789.478 20.694
789.781 82.860
790.083 54.462
790.385 52.404
790.687 26.028
790.989 -17.335
791.291 31.371
791.593 61.092
791.895 43.060
792.197 30.363
792.499 21.866
792.801 48.452
793.103 79.266
793.405 36.793
793.708 20.831
794.010 -0.451
794.312 -7.918
794.614 11.279
794.916 0.602
795.218 15.556
795.520 41.236
795.822 26.287
796.124 42.387
796.426 41.355
796.728 32.802
797.030 31.758
797.332 39.280
797.635 50.082
797.937 30.735
798.239 30.764
798.541 61.030
798.843 54.546
799.145 30.816
799.447 61.148
799.749 49.238
800.051 7.026
800.353 -7.056
800.655 5.941
800.957 40.650
801.259 26.545
801.562 31.963
801.864 31.959
802.166 21.131
802.468 24.384
802.770 50.437
803.072 60.205
803.374 77.572
803.676 59.174
803.978 5.908
804.280 31.990
804.582 88.603
804.884 34.191
805.186 30.956
805.488 74.524
805.791 49.519
806.093 26.642
806.395 3.715
806.697 6.997
806.999 13.557
807.301 72.712
807.603 77.088
807.905 43.177
808.207 55.294
808.509 3.697
808.811 -23.750
809.113 12.482
809.415 25.664
809.718 35.549
810.020 63.086
810.322 75.182
810.624 90.678
810.926 81.863
811.228 55.487
811.530 14.688
811.834 24.633
812.137 51.175
812.441 26.860
812.744 27.991
813.048 41.306
813.351 55.759
813.655 18.080
813.958 26.953
814.262 50.311
814.565 25.891
814.869 34.823
815.172 47.067
815.476 12.555
815.779 -7.526
816.083 48.272
816.386 29.326
816.690 -8.677
816.993 14.824
817.297 23.804
817.600 6.990
817.904 21.599
818.208 24.993
818.511 44.110
818.815 53.163
819.118 41.944
819.422 86.003
819.725 99.542
820.029 55.518
820.332 70.186
820.636 34.063
820.939 11.471
821.243 31.759
821.546 17.078
821.850 39.506
822.153 48.434
822.457 13.621
822.760 18.059
823.064 23.594
823.367 5.719
823.671 46.759
823.974 58.832
824.278 42.075
824.582 24.329
824.885 20.954
825.189 44.924
825.492 82.898
825.796 65.250
826.099 60.704
826.403 -27.926
826.706 -54.694
827.010 21.471
827.313 32.023
827.617 36.162
827.920 43.403
828.224 70.584
828.527 36.739
828.831 47.019
829.134 36.423
829.438 37.302
829.741 40.236
830.045 44.172
830.348 38.874
830.652 23.435
830.956 50.667
831.259 84.766
831.563 30.148
831.866 33.025
832.170 32.856
832.473 31.728
832.777 21.695
833.080 -16.744
833.384 4.859
833.687 32.094
833.991 60.034
834.294 65.526
834.598 73.843
834.901 68.710
835.205 60.716
835.508 1.823
835.812 9.335
836.115 39.249
836.419 30.674
836.722 54.645
837.026 71.074
837.330 34.896
837.633 32.010
837.937 12.704
838.240 1.717
838.544 16.294
838.847 49.972
839.151 35.363
839.454 14.430
839.758 7.145
840.061 -5.603
840.365 7.148
840.668 34.554
840.972 18.143
841.275 -12.076
841.579 12.702
841.882 0.750
842.186 10.914
842.489 8.158
842.793 10.035
843.097 75.295
843.400 82.978
843.704 44.822
844.007 26.104
844.311 42.195
844.614 39.474
844.918 15.869
845.221 17.791
845.525 63.447
845.828 66.420
846.132 28.373
846.435 35.080
846.739 60.921
847.042 52.311
847.346 45.657
847.649 79.145
847.953 30.335
848.256 16.933
848.560 46.592
848.863 47.543
849.167 23.592
849.471 22.630
849.774 21.669
850.078 16.867
850.381 -18.460
850.685 -12.729
850.988 1.564
851.292 22.468
851.595 27.189
851.899 38.506
852.202 30.859
852.506 24.208
852.809 19.421
853.113 33.490
853.416 29.666
853.720 39.877
854.023 30.422
854.327 43.367
854.630 42.312
854.934 37.559
855.237 28.242
855.541 23.550
855.845 13.369
856.148 -22.420
856.452 -0.426
856.755 15.978
857.059 18.656
857.362 21.339
857.666 33.945
857.969 4.971
858.273 -20.292
858.576 16.643
858.880 34.577
859.183 48.859
859.487 23.699
859.790 13.821
860.094 15.575
860.397 8.425
860.701 39.543
861.004 36.836
861.308 27.004
861.611 18.996
861.915 4.802
862.219 9.217
862.522 17.145
862.826 19.773
863.129 51.495
863.433 78.757
863.736 41.710
864.040 19.698
864.343 5.608
864.647 33.771
864.950 61.934
865.254 17.034
865.557 14.400
865.861 26.729
866.164 49.675
866.468 70.833
866.771 31.200
867.075 29.453
867.378 54.252
867.682 27.747
867.985 37.526
868.289 9.142
868.593 2.917
868.896 56.392
869.200 35.027
869.503 23.466
869.807 28.004
870.110 23.560
870.414 8.316
870.717 40.786
871.021 51.694
871.324 22.843
871.628 17.449
871.931 38.403
872.235 22.079
872.538 33.112
872.842 26.775
873.145 17.659
873.449 -2.612
873.752 -5.404
874.056 28.027
874.359 3.868
874.663 28.171
874.967 35.742
875.270 17.979
875.574 48.183
875.877 36.026
876.181 29.487
876.484 51.427
876.788 31.549
877.091 -26.685
877.395 -36.356
877.698 49.062
878.002 75.209
878.305 44.459
878.609 11.667
878.912 22.352
879.216 40.853
879.519 -12.640
879.823 -32.203
880.126 -15.624
880.430 -13.703
880.733 65.753
881.037 67.775
881.341 42.269
881.644 32.493
881.948 48.297
882.251 41.428
882.555 21.720
882.858 8.863
883.162 21.770
883.465 23.771
883.769 56.590
884.072 56.639
884.376 42.787
884.679 37.908
884.983 22.900
885.286 8.893
885.590 0.885
885.893 9.878
886.197 26.870
886.500 72.863
886.804 74.855
887.107 35.848
887.411 34.840
887.715 75.833
888.018 52.825
888.322 42.818
888.625 28.810
888.929 11.803
889.232 44.795
889.536 56.787
889.839 35.780
890.143 -2.228
890.446 25.764
890.750 51.757
891.053 35.749
891.357 28.741
891.660 42.733
891.964 31.726
892.267 33.718
892.571 43.710
892.874 38.702
893.178 38.694
893.482 56.687
893.785 59.679
894.089 39.671
894.392 31.663
894.696 -24.345
894.999 -40.353
895.303 -8.361
895.606 39.631
895.910 43.623
896.213 42.615
896.517 54.607
896.820 20.599
897.124 15.591
897.427 33.583
897.731 32.575
898.034 40.567
898.338 65.559
898.641 52.551
898.945 46.543
899.248 44.534
899.552 34.526
899.856 11.518
900.159 -4.490
900.463 11.502
900.766 -16.507
901.070 5.485
901.373 -6.523
901.677 -15.532
901.980 20.460
902.284 54.452
902.587 29.443
902.891 18.435
903.194 3.427
903.498 5.418
903.801 19.410
904.105 15.401
904.408 -8.607
904.712 18.384
905.015 9.376
905.319 38.367
905.622 61.359
905.926 37.350
906.230 10.342
906.533 9.333
906.837 -17.676
907.140 -10.684
907.444 23.307
907.747 30.299
908.051 56.290
908.354 48.281
908.658 22.272
908.961 30.264
909.265 32.255
909.568 35.246
909.872 -25.763
910.175 0.228
910.479 18.220
910.782 52.211
911.086 82.202
911.389 17.193
911.693 8.184
911.996 22.175
912.300 36.166
912.609 67.157
912.918 40.148
913.227 30.139
913.537 -0.870
913.846 -6.879
914.155 32.112
914.464 60.103
914.773 27.094
915.082 53.085
915.391 1.076
915.700 -11.934
916.010 29.057
916.319 56.048
916.628 30.039
916.937 33.029
917.246 22.020
917.555 -8.989
917.864 24.002
918.174 26.992
918.483 21.983
918.792 1.973
919.101 49.964
919.410 57.955
919.719 63.945
920.028 65.936
920.337 24.926
920.647 5.917
920.956 50.907
921.265 25.898
921.574 1.888
921.883 40.879
922.192 43.869
922.501 53.859
922.811 67.850
923.120 72.840
923.429 54.830
923.738 43.821
924.047 20.811
924.356 22.801
924.665 33.791
924.974 18.781
925.284 17.772
925.593 64.762
925.902 53.752
926.211 38.742
926.520 39.732
926.829 45.722
927.138 45.712
927.448 5.702
927.757 -15.308
928.066 18.682
928.375 40.672
928.684 56.662
928.993 45.652
929.302 7.642
929.611 -14.368
929.921 15.622
930.230 -6.389
930.539 -20.399
930.848 18.591
931.157 42.581
931.466 28.570
931.775 25.560
932.085 27.550
932.394 33.540
932.703 19.529
933.012 15.519
933.321 15.508
933.630 17.498
933.939 31.487
934.248 32.477
934.558 -8.534
934.867 35.456
935.176 44.445
935.485 27.435
935.794 26.424
936.103 35.414
936.412 52.403
936.721 3.392
937.031 -7.619
937.340 38.371
937.649 70.360
937.958 35.349
938.267 40.338
938.576 7.328
938.885 19.317
939.195 24.306
939.504 34.295
939.813 43.284
940.122 47.273
940.431 26.262
940.740 45.251
941.049 51.240
941.359 58.229
941.668 44.218
941.977 14.207
942.286 29.196
942.595 35.185
942.904 39.173
943.213 18.162
943.522 2.151
943.832 24.140
944.141 35.128
944.450 36.117
944.759 33.106
945.068 68.094
945.377 40.083
945.686 15.072
945.995 57.060
946.305 11.049
946.614 46.037
946.923 84.026
947.232 58.014
947.541 9.003
947.850 20.991
948.159 28.979
948.469 27.968
948.778 -6.044
949.087 -17.056
949.396 -3.067
949.705 21.921
950.014 10.909
950.323 0.897
950.632 13.885
950.942 20.874
951.251 12.862
951.560 22.850
951.869 24.838
952.178 41.826
952.487 59.814
952.796 40.802
953.106 28.790
953.415 46.778
953.724 48.766
954.033 -24.247
954.342 2.741
954.651 31.729
954.960 29.717
955.269 31.705
955.579 25.692
955.888 51.680
956.197 78.668
956.506 62.655
956.815 26.643
957.124 9.630
957.433 14.618
957.743 2.605
958.052 -22.407
958.361 31.580
958.670 63.568
958.979 48.555
959.288 55.542
959.597 42.530
959.906 36.517
960.216 18.504
960.525 21.492
960.834 44.479
961.143 60.466
961.452 54.453
961.761 32.440
962.070 22.427
962.380 20.414
962.689 4.401
962.998 16.388
963.307 12.375
963.616 18.362
963.925 39.349
964.234 33.336
964.543 14.323
964.853 19.310
965.162 -4.704
965.471 22.283
965.780 2.270
966.092 23.257
966.404 -2.757
966.716 -31.770
967.028 27.216
967.340 11.203
967.652 38.190
967.964 36.176
968.276 39.162
968.588 38.149
968.900 22.135
969.212 9.122
969.524 21.108
969.836 28.094
970.148 49.081
970.460 73.067
970.772 58.053
971.084 43.039
971.396 65.025
971.708 55.011
972.020 48.997
972.332 37.983
972.644 8.969
972.956 14.955
973.268 19.941
973.580 23.927
973.892 46.913
974.204 29.899
974.516 3.885
974.828 25.870
975.140 49.856
975.452 40.842
975.764 61.827
976.076 62.813
976.388 46.799
976.700 56.784
977.012 20.770
977.324 36.755
977.636 39.741
977.948 29.726
978.260 5.711
978.572 5.697
978.884 8.682
979.196 0.667
979.508 15.653
979.820 24.638
980.132 19.623
980.444 27.608
980.756 18.593
981.068 21.578
981.380 45.563
981.692 26.548
982.004 35.533
982.316 44.518
982.628 27.503
982.940 20.488
983.252 24.472
983.564 45.457
983.876 14.442
984.188 19.427
984.500 24.411
984.812 -3.604
985.124 -1.620
985.436 48.365
985.748 44.349
986.060 22.334
986.372 28.318
986.684 -10.697
986.996 -4.713
987.308 16.271
987.620 20.256
987.932 -0.760
988.244 62.224
988.556 65.208
988.868 34.192
989.180 36.176
989.492 13.160
989.804 17.144
990.116 33.128
990.428 -7.888
990.740 4.096
991.052 44.080
991.364 38.064
991.676 49.047
991.988 65.031
992.300 51.015
992.612 51.998
992.924 25.982
993.236 25.966
993.548 14.949
993.860 -17.068
994.172 -19.084
994.484 -5.101
994.796 21.883
995.108 44.866
995.420 61.849
995.732 48.832
996.044 25.816
996.356 27.799
996.668 18.782
996.980 -9.235
997.292 29.748
997.604 54.731
997.916 73.714
998.228 44.697
998.540 49.679
998.852 55.662
999.164 40.645
999.476 21.628
999.788 -8.390
1000.100 -3.407
1000.412 73.576
1000.724 41.558
1001.036 29.541
1001.348 45.523
1001.660 25.505
1001.972 24.488
1002.284 8.470
1002.596 13.452
1002.908 5.435
1003.220 6.417
1003.532 8.399
1003.844 58.381
1004.156 45.363
1004.468 31.345
1004.780 38.327
1005.092 21.309
1005.404 53.291
1005.716 28.272
1006.028 -5.746
1006.340 40.236
1006.652 44.218
1006.964 18.199
1007.276 18.181
1007.588 9.162
1007.900 21.144
1008.212 53.125
1008.524 12.107
1008.836 0.088
1009.148 22.069
1009.460 19.051
1009.772 46.032
1010.084 47.013
1010.396 6.994
1010.708 6.975
1011.020 35.956
1011.332 49.937
1011.644 41.918
1011.956 31.899
1012.268 37.880
1012.580 6.861
1012.892 39.841
1013.204 48.822
1013.516 48.803
1013.828 29.783
1014.140 29.764
1014.452 29.744
1014.764 16.725
1015.076 4.705
1015.388 13.685
1015.700 35.666
1016.012 18.646
1016.324 15.626
1016.636 17.606
1016.948 34.586
1017.260 30.566
1017.572 35.546
1017.884 39.526
1018.196 19.506
1018.508 30.486
1018.820 41.466
1019.132 38.445
1019.444 64.425
1019.756 72.405
1020.068 50.384
1020.380 10.364
1020.692 -18.657
1021.004 11.323
1021.316 44.302
1021.628 44.281
1021.940 26.261
1022.252 34.240
1022.564 44.219
1022.876 27.198
1023.188 29.177
1023.500 28.156
1023.812 14.135
1024.124 10.114
1024.436 24.093
1024.748 47.071
1025.060 49.050
1025.372 40.029
1025.684 79.007
1025.996 59.986
1026.308 22.964
1026.620 46.943
1026.932 43.921
1027.244 25.900
1027.556 49.878
1027.868 30.856
1028.180 16.834
1028.492 49.812
1028.804 49.790
1029.116 43.768
1029.428 52.746
1029.740 53.724
1030.052 5.702
1030.364 -5.320
1030.676 18.657
1030.988 33.635
1031.300 35.613
1031.612 42.590
1031.924 58.568
1032.236 35.545
1032.548 10.522
1032.860 40.500
1033.172 15.477
1033.484 23.454
1033.796 42.431
1034.108 78.408
1034.420 72.385
1034.732 48.362
1035.044 24.339
1035.356 -18.684
1035.668 -7.707
1035.980 11.269
1036.292 23.246
1036.604 48.223
1036.916 51.199
1037.228 40.176
1037.540 -8.848
1037.852 -3.872
1038.164 9.105
1038.476 16.081
1038.788 0.057
1039.100 -18.967
1039.412 6.009
1039.724 0.985
1040.036 43.961
1040.348 72.937
1040.660 15.913
1040.972 -8.112
1041.284 -0.136
1041.596 24.840
1041.908 29.815
1042.220 24.791
1042.532 31.766
1042.844 37.741
1043.156 44.717
1043.468 10.692
1043.780 17.667
1044.092 25.642
1044.404 26.617
1044.716 29.592
1045.028 22.567
1045.340 19.542
1045.652 46.516
1045.964 65.491
1046.276 44.466
1046.588 26.440
1046.900 49.415
1047.212 27.389
1047.524 6.364
1047.836 50.338
1048.148 88.312
1048.460 60.286
1048.772 76.260
1049.084 33.234
1049.396 -2.792
1049.708 25.182
1050.020 39.156
1050.332 14.130
1050.644 36.104
1050.956 31.077
1051.268 22.051
1051.580 61.024
1051.892 49.998
1052.204 14.971
1052.516 5.944
1052.828 70.917
1053.140 77.891
1053.452 68.864
1053.764 22.837
1054.076 4.810
1054.388 39.782
1054.700 41.755
1055.012 4.728
1055.324 20.701
1055.636 16.673
1055.948 8.646
1056.260 21.618
1056.572 48.590
1056.884 32.563
1057.196 27.535
1057.508 67.507
1057.820 13.479
1058.132 8.451
1058.444 47.423
1058.756 37.395
1059.068 24.367
1059.380 18.338
1059.692 25.310
1060.004 32.281
1060.316 4.253
1060.628 18.224
1060.940 24.196
1061.252 22.167
1061.564 -2.862
1061.876 18.109
1062.188 13.080
1062.500 -3.949
1062.812 31.022
1063.124 -3.007
1063.436 -26.036
1063.748 33.934
1064.060 57.905
1064.372 48.875
1064.684 19.846
1064.996 13.816
1065.308 27.786
1065.620 17.757
1065.932 77.727
1066.244 63.697
1066.556 8.667
1066.868 29.637
1067.180 38.607
1067.492 22.576
1067.804 26.546
1068.116 32.515
1068.428 -17.515
1068.740 -24.546
1069.052 7.424
1069.364 -8.607
1069.676 8.362
1069.988 22.331
1070.300 20.300
1070.612 53.269
1070.924 45.238
1071.236 15.207
1071.548 -5.824
1071.860 -16.856
1072.172 17.113
1072.484 43.081
1072.796 35.050
1073.108 7.018
1073.420 34.986
1073.732 34.954
1074.044 26.922
1074.356 -7.110
1074.668 8.858
1074.980 -1.174
1075.292 -12.206
1075.604 -19.239
1075.916 12.729
1076.228 26.696
1076.540 23.664
1076.852 6.631
1077.164 16.598
1077.476 13.565
1077.788 25.532
1078.100 18.499
1078.412 -7.534
1078.724 -7.567
1079.036 42.400
1079.348 52.366
1079.660 45.333
1079.972 32.299
1080.284 47.266
1080.596 31.232
1080.908 43.198
1081.220 4.164
1081.532 -6.870
1081.844 23.096
1082.156 47.062
1082.468 27.028
1082.780 29.994
1083.092 28.959
1083.404 21.925
1083.716 12.890
1084.028 11.856
1084.340 28.821
1084.652 4.786
1084.964 34.751
1085.276 54.716
1085.588 46.681
1085.900 57.646
1086.212 37.611
1086.524 38.575
1086.836 19.540
1087.148 -26.496
1087.460 17.469
1087.772 23.433
1088.084 17.397
1088.396 11.361
1088.708 25.325
1089.020 21.289
1089.332 0.253
1089.644 19.217
1089.956 39.180
1090.268 37.144
1090.580 -15.893
1090.892 11.071
1091.204 54.034
1091.516 52.997
1091.828 81.960
1092.140 51.923
1092.465 -1.114
1092.790 12.849
1093.114 -33.188
1093.439 1.774
1093.764 26.737
1094.089 20.699
1094.414 30.662
1094.739 31.624
1095.063 28.586
1095.388 40.548
1095.713 22.510
1096.038 -14.528
1096.363 -16.566
1096.688 16.395
1097.012 2.357
1097.337 34.319
1097.662 64.280
1097.987 47.241
1098.312 14.203
1098.637 0.164
1098.961 28.125
1099.286 14.086
1099.611 -7.953
1099.936 -16.993
1100.261 55.968
1100.586 31.929
1100.910 8.889
1101.235 -9.151
1101.560 3.810
1101.885 15.770
1102.210 12.730
1102.535 26.690
1102.859 47.650
1103.184 8.610
1103.509 43.569
1103.834 62.529
1104.159 28.489
1104.484 28.448
1104.808 33.407
1105.133 23.367
1105.458 25.326
1105.783 20.285
1106.108 0.244
1106.432 -8.798
1106.757 9.161
1107.082 -0.880
1107.407 31.078
1107.732 29.037
1108.057 -5.005
1108.381 29.953
1108.706 42.912
1109.031 34.870
1109.356 -0.172
1109.681 17.785
1110.006 18.743
1110.330 12.701
1110.655 40.658
1110.980 22.616
1111.305 13.573
1111.630 46.531
1111.955 28.488
1112.279 2.445
1112.604 3.402
1112.929 19.359
1113.254 29.315
1113.579 9.272
1113.904 41.229
1114.228 45.185
1114.553 -7.858
1114.878 8.098
1115.203 29.054
1115.528 30.010
1115.853 12.966
1116.177 12.922
1116.502 -1.122
1116.827 9.833
1117.152 28.789
1117.477 27.745
1117.802 24.700
1118.126 19.655
1118.451 13.610
1118.776 19.565
1119.101 9.520
1119.426 20.475
1119.751 31.430
1120.075 17.385
1120.400 -4.661
1120.725 33.294
1121.050 37.248
1121.375 -3.797
1121.699 -22.843
1122.024 17.111
1122.349 25.065
1122.674 25.019
1122.999 38.973
1123.324 46.926
1123.648 24.880
1123.973 12.834
1124.298 6.787
1124.623 19.740
1124.948 -4.307
1125.273 -7.353
1125.597 38.600
1125.922 48.552
1126.247 55.505
1126.572 41.458
1126.897 56.411
1127.222 43.363
1127.546 13.316
1127.871 -3.732
1128.196 6.220
1128.521 43.172
1128.846 74.124
1129.171 31.076
1129.495 38.028
1129.820 70.980
1130.145 50.931
1130.470 43.883
1130.795 7.834
1131.120 -26.214
1131.444 -10.263
1131.769 24.688
1132.094 11.639
1132.419 15.590
1132.744 13.541
1133.069 23.492
1133.393 6.443
1133.718 -12.607
1134.043 -23.656
1134.368 1.294
1134.693 30.244
1135.017 54.194
1135.342 38.145
1135.667 40.095
1135.992 57.044
1136.317 5.994
1136.642 -4.056
1136.966 11.894
1137.291 25.843
1137.616 38.793
1137.941 28.742
1138.266 23.691
1138.591 24.640
1138.915 15.589
1139.240 24.538
1139.565 39.487
1139.890 51.436
1140.215 50.385
1140.540 27.333
1140.864 -9.718
1141.189 36.230
1141.514 45.179
1141.839 13.127
1142.164 28.075
1142.489 13.023
1142.813 15.971
1143.138 2.919
1143.463 -3.133
1143.788 -12.186
1144.113 13.762
1144.438 69.710
1144.762 45.657
1145.087 51.604
1145.412 28.552
1145.737 8.499
1146.062 6.446
1146.387 6.393
1146.711 8.340
1147.036 35.287
1147.361 40.233
1147.686 66.180
1148.011 41.127
1148.335 27.073
1148.660 38.020
1148.985 -7.034
1149.310 -19.088
1149.635 -11.142
1149.960 -5.196
1150.284 14.750
1150.609 10.696
1150.934 26.642
1151.259 36.588
1151.584 12.534
1151.909 24.479
1152.233 0.425
1152.558 9.370
1152.883 10.315
1153.208 -4.739
1153.533 -12.794
1153.858 7.151
1154.182 10.096
1154.507 10.041
1154.832 22.986
1155.157 33.931
1155.482 -11.124
1155.807 -8.180
1156.131 10.765
1156.456 25.710
1156.781 33.654
1157.106 25.598
1157.431 15.543
1157.756 34.487
1158.080 8.431
1158.405 22.375
1158.730 26.319
1159.055 9.263
1159.380 19.207
1159.705 15.151
1160.029 -19.905
1160.354 -4.961
1160.679 33.983
1161.004 20.926
1161.329 -3.130
1161.653 22.813
1161.978 18.757
1162.303 39.700
1162.628 31.643
1162.953 -4.413
1163.278 10.530
1163.602 -22.527
1163.927 -25.584
1164.252 14.359
1164.577 35.302
1164.902 -2.755
1165.227 29.188
1165.551 12.131
1165.876 -20.927
1166.201 3.016
1166.526 23.959
1166.851 7.901
1167.176 2.844
1167.500 28.786
1167.825 35.729
1168.150 -7.329
1168.475 -14.386
1168.800 12.556
1169.125 2.498
1169.449 25.441
1169.774 22.383
1170.099 0.325
1170.424 -18.733
1170.749 -45.791
1171.074 -3.849
1171.398 41.093
1171.723 47.035
1172.048 39.977
1172.373 32.919
1172.698 26.861
1173.023 20.803
1173.347 24.745
1173.672 0.686
1173.997 13.628
1174.322 70.570
1174.647 50.512
1174.972 44.453
1175.296 -1.605
1175.621 -25.663
1175.946 -4.722
1176.271 -4.780
1176.596 25.161
1176.920 31.103
1177.245 -6.956
1177.570 7.986
1177.895 15.927
1178.220 34.869
1178.545 6.810
1178.869 -38.248
1179.194 11.693
1179.519 28.635
1179.844 14.576
1180.169 20.518
1180.494 16.459
1180.818 -8.600
1181.143 -14.658
1181.468 -2.717
1181.793 9.225
1182.118 45.166
1182.443 53.108
1182.767 43.049
1183.092 10.990
1183.417 12.932
1183.742 21.873
1184.067 3.815
1184.392 -19.244
1184.716 -16.302
1185.041 -16.361
1185.366 7.581
1185.691 7.522
1186.016 6.464
1186.341 4.405
1186.665 33.347
1186.990 15.288
1187.315 -3.770
1187.640 15.172
1187.965 14.113
1188.290 16.055
1188.614 13.997
1188.939 -0.062
1189.264 2.880
1189.589 12.822
1189.914 0.764
1190.238 -0.294
1190.563 -5.353
1190.888 15.589
1191.213 25.531
1191.538 23.473
1191.863 16.416
1192.187 45.358
1192.512 30.300
1192.837 -8.758
1193.162 4.184
1193.487 11.127
1193.812 10.069
1194.136 -0.989
1194.461 -24.046
1194.786 12.896
1195.111 19.839
1195.436 17.782
1195.761 -2.276
1196.085 2.667
1196.410 -10.390
1196.735 10.553
1197.060 3.496
1197.385 -43.561
1197.710 -25.618
1198.034 10.325
1198.359 16.269
1198.684 8.212
1199.009 10.155
1199.334 11.099
1199.659 8.042
1199.983 15.986
1200.308 16.930
1200.633 19.874
1200.958 1.818
1201.283 -12.238
1201.608 -8.294
1201.932 12.650
1202.257 3.594
1202.582 -13.461
1202.907 43.483
1203.232 35.428
1203.556 6.373
1203.881 -43.682
1204.206 -25.737
1204.531 18.208
1204.856 15.153
1205.181 27.098
1205.505 15.044
1205.830 12.989
1206.155 9.935
1206.480 20.881
1206.805 11.826
1207.130 3.772
1207.454 -8.281
1207.779 -24.335
1208.104 17.611
1208.429 21.558
1208.754 27.505
1209.079 23.451
1209.403 11.398
1209.728 -5.655
1210.053 -18.707
1210.378 7.240
1210.703 26.188
1211.028 17.135
1211.352 3.083
1211.677 14.031
1212.002 -5.021
1212.327 -22.072
1212.652 -61.124
1212.977 -19.175
1213.301 22.774
1213.626 23.722
1213.951 13.672
1214.276 8.621
1214.601 9.570
1214.926 0.520
1215.250 -5.530
1215.575 2.420
1215.900 2.370
1216.225 21.320
1216.550 2.271
1216.875 -46.778
1217.199 10.173
1217.524 53.124
1217.849 13.075
1218.174 -25.974
1218.499 -22.022
1218.823 -21.070
1219.148 -10.118
1219.473 -38.166
1219.798 -42.213
1220.123 -41.260
1220.448 -18.308
1220.772 -12.354
1221.097 -35.401
1221.422 -21.448
1221.747 8.506
1222.072 -0.540
1222.397 -20.586
1222.721 -37.631
1223.046 7.323
1223.371 29.278
1223.696 8.233
