165.214 10.043
165.472 -1.957
165.730 -24.957
165.987 -6.957
166.245 -2.957
166.503 11.043
166.761 20.043
167.019 5.043
167.277 -31.957
167.534 -10.957
167.792 15.043
168.050 9.043
168.308 -33.957
168.566 -3.957
168.824 15.043
169.081 -6.957
169.339 -8.957
169.597 -11.957
169.855 -9.957
170.113 -10.957
170.371 -11.957
170.628 12.043
170.886 33.043
171.144 17.043
171.402 20.043
171.660 31.043
171.917 49.043
172.175 12.043
172.433 47.043
172.691 59.043
172.949 30.043
173.207 23.043
173.464 32.043
173.722 22.043
173.980 -16.957
174.238 -28.957
174.496 0.043
174.754 7.043
175.011 31.044
175.269 45.044
175.527 33.044
175.785 24.044
176.043 -12.956
176.301 1.044
176.558 -4.956
176.816 -20.956
177.074 -12.956
177.332 30.044
177.590 37.044
177.848 17.044
178.105 -1.956
178.363 21.044
178.621 16.044
178.879 9.044
179.137 2.044
179.395 32.044
179.652 43.044
179.910 79.044
180.168 27.044
180.426 33.044
180.684 45.044
180.942 37.044
181.199 -2.956
181.457 11.044
181.715 -7.956
181.973 -30.956
182.231 -21.956
182.489 20.044
182.746 10.044
183.004 12.044
183.262 17.044
183.520 32.044
183.778 18.044
184.036 24.044
184.293 25.044
184.551 -14.956
184.809 -18.956
185.067 10.044
185.325 -6.956
185.583 -2.956
185.840 18.044
186.098 35.045
186.356 1.045
186.614 4.045
186.872 23.045
187.130 8.045
187.387 -2.955
187.645 -13.955
187.903 26.045
188.161 12.045
188.419 16.045
188.677 39.045
188.934 3.045
189.192 -10.955
189.450 3.045
189.708 -16.955
189.966 18.045
190.224 36.045
190.481 1.045
190.739 -1.955
190.997 -0.955
191.255 24.045
191.513 26.045
191.771 -17.955
192.028 6.045
192.286 19.045
192.544 41.045
192.802 50.045
193.060 10.045
193.317 27.045
193.575 13.045
193.833 2.045
194.091 20.045
194.349 14.045
194.607 33.045
194.864 47.045
195.122 47.045
195.380 35.045
195.638 32.045
195.896 51.045
196.154 1.045
196.411 -24.955
196.669 5.045
196.927 15.046
197.185 30.046
197.443 5.046
197.701 -3.954
197.958 34.046
198.216 58.046
198.474 41.046
198.732 29.046
198.990 -1.954
199.248 -5.954
199.505 24.046
199.763 60.046
200.021 44.046
200.279 24.046
200.537 23.046
200.795 20.046
201.052 -9.954
201.310 -13.954
201.568 13.046
201.826 -4.954
202.084 16.046
202.342 26.046
202.599 27.046
202.857 -5.954
203.115 19.046
203.373 3.046
203.631 16.046
203.889 28.046
204.146 -7.954
204.404 -11.954
204.662 -4.954
204.920 1.046
205.178 -19.954
205.436 -2.954
205.693 29.046
205.951 17.046
206.209 2.046
206.467 0.046
206.725 -5.954
206.983 -2.954
207.240 -13.953
207.498 -12.953
207.756 0.047
208.014 15.047
208.272 3.047
208.530 0.047
208.787 -18.953
209.045 -15.953
209.303 -8.953
209.561 20.047
209.819 39.047
210.077 24.047
210.334 16.047
210.592 29.047
210.850 6.047
211.108 44.047
211.366 14.047
211.624 4.047
211.881 15.047
212.139 47.047
212.397 33.047
212.655 -31.953
212.913 2.047
213.170 31.047
213.428 0.047
213.686 10.047
213.944 -6.953
214.202 -16.953
214.460 -49.953
214.717 -47.953
214.975 -3.953
215.233 -2.953
215.491 21.047
215.749 27.047
216.007 11.047
216.264 2.047
216.522 -6.953
216.780 -9.953
217.038 1.047
217.296 21.048
217.554 7.048
217.811 26.048
218.069 44.048
218.327 7.048
218.585 -19.952
218.843 -28.952
219.101 -34.952
219.358 -28.952
219.616 -43.952
219.874 -41.952
220.132 -29.952
220.390 -27.952
220.648 -23.952
220.905 11.048
221.163 36.048
221.421 0.048
221.679 -21.952
221.937 -17.952
222.195 -23.952
222.452 36.048
222.710 44.048
222.968 28.048
223.226 19.048
223.484 21.048
223.742 -24.952
223.999 -3.952
224.257 13.048
224.515 -13.952
224.773 -22.952
225.031 0.048
225.289 13.048
225.546 3.048
225.804 13.048
226.062 -8.952
226.320 -4.952
226.578 22.048
226.836 -11.952
227.093 -16.951
227.351 15.049
227.609 24.049
227.867 16.049
228.125 -18.951
228.383 -8.951
228.640 32.049
228.898 -4.951
229.156 -38.951
229.414 -13.951
229.672 3.049
229.930 25.049
230.187 -8.951
230.445 -11.951
230.703 -10.951
230.961 -17.951
231.219 -11.951
231.477 -7.951
231.734 -13.951
231.992 2.049
232.250 15.049
232.508 55.049
232.766 49.049
233.024 17.049
233.281 7.049
233.539 16.049
233.797 3.049
234.055 1.049
234.313 -11.951
234.570 -21.951
234.828 11.049
235.086 19.049
235.344 -19.951
235.602 1.049
235.860 10.049
236.117 0.049
236.375 -1.950
236.633 -2.950
236.891 18.050
237.149 -5.950
237.407 25.050
237.664 57.050
237.922 24.050
238.180 -20.950
238.438 3.050
238.696 21.050
238.954 37.050
239.211 26.050
239.469 -37.950
239.727 -64.950
239.985 -25.950
240.243 -31.950
240.501 -13.950
240.758 23.050
241.016 28.050
241.274 26.050
241.532 21.050
241.790 6.050
242.048 3.050
242.305 10.050
242.563 17.050
242.821 8.050
243.079 4.050
243.337 0.050
243.595 -8.950
243.852 8.050
244.110 46.050
244.368 -3.950
244.626 -47.950
244.884 -2.950
245.142 9.050
245.399 20.050
245.657 24.051
245.915 16.051
246.173 -4.949
246.431 -27.949
246.689 -28.949
246.946 -8.949
247.204 -45.949
247.462 -11.949
247.720 -8.949
247.978 -8.949
248.236 -7.949
248.493 -30.949
248.751 -20.949
249.009 -21.949
249.267 -17.949
249.525 -12.949
249.783 -10.949
250.040 15.051
250.298 39.051
250.556 38.051
250.814 14.051
251.072 -3.949
251.330 -4.949
251.587 -2.949
251.845 20.051
252.103 25.051
252.361 35.051
252.619 41.051
252.877 36.051
253.134 45.051
253.392 26.051
253.650 32.051
253.910 36.051
254.170 6.051
254.430 10.052
254.690 7.052
254.950 28.052
255.209 10.052
255.469 -2.948
255.729 -7.948
255.989 -11.948
256.249 -17.948
256.509 -16.948
256.769 7.052
257.029 4.052
257.289 54.052
257.549 43.052
257.809 22.052
258.069 -1.948
258.328 11.052
258.588 26.052
258.848 42.052
259.108 25.052
259.368 -14.948
259.628 10.052
259.888 64.052
260.148 22.052
260.408 3.052
260.668 14.052
260.928 -5.948
261.187 -32.948
261.447 -23.948
261.707 -26.948
261.967 -19.948
262.227 -5.948
262.487 6.052
262.747 23.052
263.007 11.052
263.267 -3.947
263.527 -28.947
263.787 -17.947
264.047 43.053
264.306 7.053
264.566 -22.947
264.826 1.053
265.086 20.053
265.346 24.053
265.606 28.053
265.866 -0.947
266.126 -12.947
266.386 -25.947
266.646 13.053
266.906 -17.947
267.165 -42.947
267.425 1.053
267.685 6.053
267.945 10.053
268.205 -10.947
268.465 -32.947
268.725 -18.947
268.985 -6.947
269.245 -10.947
269.505 -23.947
269.765 -7.947
270.024 11.053
270.284 16.053
270.544 5.053
270.804 15.053
271.064 30.053
271.324 -11.947
271.584 -20.946
271.844 -2.946
272.104 -18.946
272.364 -18.946
272.624 26.054
272.884 31.054
273.143 33.054
273.403 26.054
273.663 -22.946
273.923 -21.946
274.183 7.054
274.443 29.054
274.703 -4.946
274.963 29.054
275.223 21.054
275.483 37.054
275.743 6.054
276.002 26.054
276.262 -3.946
276.522 -21.946
276.782 -3.946
277.042 -9.946
277.302 1.054
277.562 67.054
277.822 52.054
278.082 22.054
278.342 35.054
278.602 -10.946
278.862 -30.946
279.121 19.054
279.381 43.054
279.641 23.054
279.901 8.055
280.161 33.055
280.421 25.055
280.681 3.055
280.941 -5.945
281.201 -17.945
281.461 -1.945
281.721 -1.945
281.980 -11.945
282.240 32.055
282.500 60.055
282.760 23.055
283.020 13.055
283.280 34.055
283.540 36.055
283.800 26.055
284.060 37.055
284.320 -8.945
284.580 4.055
284.840 -4.945
285.099 -7.945
285.359 4.055
285.619 0.055
285.879 -3.945
286.139 25.055
286.399 0.055
286.659 5.055
286.919 0.055
287.179 31.055
287.439 17.055
287.699 -5.945
287.958 -1.944
288.218 38.056
288.478 64.056
288.738 21.056
288.998 -7.944
289.258 32.056
289.518 25.056
289.778 -27.944
290.038 -14.944
290.298 32.056
290.558 39.056
290.818 38.056
291.077 2.056
291.337 -8.944
291.597 0.056
291.857 -4.944
292.117 27.056
292.377 3.056
292.637 30.056
292.897 29.056
293.157 -3.944
293.417 12.056
293.677 38.056
293.936 19.056
294.196 -1.944
294.456 26.056
294.716 42.056
294.976 10.056
295.236 10.056
295.496 21.056
295.756 37.057
296.016 6.057
296.276 19.057
296.536 36.057
296.796 12.057
297.055 -4.943
297.315 -20.943
297.575 -23.943
297.835 -6.943
298.095 11.057
298.355 5.057
298.615 10.057
298.875 7.057
299.135 4.057
299.395 5.057
299.655 -19.943
299.914 -7.943
300.174 21.057
300.434 44.057
300.694 8.057
300.954 -27.943
301.214 9.057
301.474 -2.943
301.734 24.057
301.994 12.057
302.254 -9.943
302.514 -12.943
302.773 40.057
303.033 35.057
303.293 35.058
303.553 26.058
303.813 44.058
304.073 9.058
304.333 -10.942
304.593 -14.942
304.853 -29.942
305.113 -23.942
305.373 49.058
305.633 28.058
305.892 -7.942
306.152 17.058
306.412 37.058
306.672 23.058
306.932 30.058
307.192 25.058
307.452 -10.942
307.712 4.058
307.972 8.058
308.232 2.058
308.492 15.058
308.751 43.058
309.011 14.058
309.271 -0.942
309.531 13.058
309.791 -1.942
310.051 -3.942
310.311 26.058
310.571 46.059
310.831 26.059
311.091 25.059
311.351 27.059
311.611 -0.941
311.870 -8.941
312.130 17.059
312.390 24.059
312.650 0.059
312.910 6.059
313.170 30.059
313.434 11.059
313.698 -17.941
313.963 -4.941
314.227 27.059
314.491 51.059
314.755 12.059
315.019 -11.941
315.284 42.059
315.548 47.059
315.812 35.059
316.076 23.059
316.340 12.059
316.604 1.059
316.869 -39.941
317.133 -17.941
317.397 23.059
317.661 -7.941
317.925 8.060
318.190 3.060
318.454 19.060
318.718 14.060
318.982 21.060
319.246 11.060
319.511 -4.940
319.775 7.060
320.039 16.060
320.303 8.060
320.567 20.060
320.832 39.060
321.096 63.060
321.360 31.060
321.624 -7.940
321.888 -9.940
322.153 14.060
322.417 -8.940
322.681 -38.940
322.945 -40.940
323.209 -2.940
323.473 16.060
323.738 48.060
324.002 31.060
324.266 -0.940
324.530 -9.940
324.794 -7.940
325.059 -1.939
325.323 8.061
325.587 35.061
325.851 -15.939
326.115 -14.939
326.380 14.061
326.644 25.061
326.908 24.061
327.172 16.061
327.436 20.061
327.701 21.061
327.965 2.061
328.229 1.061
328.493 52.061
328.757 24.061
329.022 -26.939
329.286 -12.939
329.550 12.061
329.814 -2.939
330.078 -51.939
330.342 -55.939
330.607 -26.939
330.871 6.061
331.135 10.061
331.399 35.061
331.663 17.061
331.928 -16.939
332.192 -21.938
332.456 3.062
332.720 16.062
332.984 3.062
333.249 3.062
333.513 5.062
333.777 16.062
334.041 44.062
334.305 40.062
334.570 26.062
334.834 -0.938
335.098 -10.938
335.362 4.062
335.626 1.062
335.891 17.062
336.155 22.062
336.419 57.062
336.683 50.062
336.947 57.062
337.211 17.062
337.476 -15.938
337.740 8.062
338.004 24.062
338.268 11.062
338.532 39.062
338.797 25.063
339.061 13.063
339.325 34.063
339.589 23.063
339.853 6.063
340.118 -16.937
340.382 -13.937
340.646 3.063
340.910 24.063
341.174 25.063
341.439 23.063
341.703 38.063
341.967 15.063
342.231 -21.937
342.495 -1.937
342.759 27.063
343.024 25.063
343.288 25.063
343.552 50.063
343.816 30.063
344.080 0.063
344.345 33.063
344.609 22.063
344.873 1.063
345.137 6.063
345.401 21.064
345.666 -5.936
345.930 -3.936
346.194 36.064
346.458 41.064
346.722 23.064
346.987 -4.936
347.251 28.064
347.515 17.064
347.779 -15.936
348.043 -31.936
348.308 -24.936
348.572 -14.936
348.836 -5.936
349.100 13.064
349.364 48.064
349.628 44.064
349.893 45.064
350.157 43.064
350.421 21.064
350.685 -2.936
350.949 12.064
351.214 18.064
351.478 23.064
351.742 2.064
352.006 -6.935
352.270 44.065
352.535 67.065
352.799 24.065
353.063 -28.935
353.327 -47.935
353.591 -10.935
353.856 29.065
354.120 32.065
354.384 30.065
354.648 37.065
354.912 19.065
355.177 -0.935
355.441 -36.935
355.705 -42.935
355.969 -5.935
356.233 25.065
356.497 4.065
356.762 -13.935
357.026 19.065
357.290 18.065
357.554 -4.935
357.818 -31.935
358.083 -37.935
358.347 -30.934
358.611 -15.934
358.875 9.066
359.139 -10.934
359.404 -13.934
359.668 -7.934
359.932 3.066
360.196 19.066
360.460 -0.934
360.725 -3.934
360.989 17.066
361.253 -6.934
361.517 5.066
361.781 22.066
362.046 10.066
362.310 -18.934
362.574 -5.934
362.838 1.066
363.102 -16.934
363.366 -8.934
363.631 0.066
363.895 -6.934
364.159 23.066
364.423 42.066
364.687 60.067
364.952 17.067
365.216 13.067
365.480 -5.933
365.747 -14.933
366.013 -19.933
366.280 4.067
366.546 31.067
366.813 29.067
367.079 20.067
367.346 34.067
367.612 26.067
367.879 33.067
368.145 30.067
368.412 29.067
368.678 7.067
368.945 29.067
369.211 50.067
369.478 13.067
369.744 22.067
370.011 16.067
370.278 15.067
370.544 17.068
370.811 14.068
371.077 -16.932
371.344 -45.932
371.610 -8.932
371.877 -9.932
372.143 11.068
372.410 37.068
372.676 26.068
372.943 0.068
373.209 32.068
373.476 43.068
373.742 13.068
374.009 -11.932
374.276 -8.932
374.542 9.068
374.809 -6.932
375.075 -2.932
375.342 -27.932
375.608 -37.932
375.875 -15.932
376.141 16.068
376.408 7.068
376.674 8.069
376.941 25.069
377.207 10.069
377.474 30.069
377.740 21.069
378.007 -3.931
378.273 5.069
378.540 25.069
378.807 -16.931
379.073 -23.931
379.340 -24.931
379.606 -26.931
379.873 -11.931
380.139 10.069
380.406 30.069
380.672 22.069
380.939 21.069
381.205 28.069
381.472 45.069
381.738 38.069
382.005 16.069
382.271 8.069
382.538 10.070
382.804 16.070
383.071 16.070
383.338 -2.930
383.604 5.070
383.871 -4.930
384.137 0.070
384.404 -4.930
384.670 32.070
384.937 10.070
385.203 -3.930
385.470 -10.930
385.736 25.070
386.003 31.070
386.269 4.070
386.536 3.070
386.802 11.070
387.069 -2.930
387.336 4.070
387.602 28.070
387.869 20.070
388.135 23.071
388.402 7.071
388.668 5.071
388.935 -20.929
389.201 -1.929
389.468 -9.929
389.734 -2.929
390.001 4.071
390.267 7.071
390.534 23.071
390.800 21.071
391.067 10.071
391.333 2.071
391.600 7.071
391.867 20.071
392.133 26.071
392.400 22.071
392.666 11.071
392.933 15.071
393.199 17.071
393.466 12.071
393.732 23.072
393.999 49.072
394.265 38.072
394.532 25.072
394.798 12.072
395.065 6.072
395.331 31.072
395.598 72.072
395.864 52.072
396.131 25.072
396.398 14.072
396.664 26.072
396.931 49.072
397.197 -11.928
397.464 -16.928
397.730 44.072
397.997 85.072
398.263 47.072
398.530 44.072
398.796 39.072
399.063 20.072
399.329 -10.927
399.596 -5.927
399.862 2.073
400.129 25.073
400.396 12.073
400.662 3.073
400.929 10.073
401.195 20.073
401.462 -4.927
401.728 0.073
401.995 -4.927
402.261 -9.927
402.528 -32.927
402.794 -19.927
403.061 5.073
403.327 13.073
403.594 16.073
403.860 19.073
404.127 7.073
404.393 -12.927
404.660 2.074
404.934 12.074
405.207 -7.926
405.481 12.074
405.754 -5.926
406.028 -15.926
406.301 13.074
406.575 9.074
406.848 -4.926
407.122 -13.926
407.395 16.074
407.669 24.074
407.942 18.074
408.216 26.074
408.489 28.074
408.763 3.074
409.036 -13.926
409.310 20.074
409.583 30.074
409.857 14.074
410.130 41.075
410.404 -1.925
410.677 -10.925
410.951 16.075
411.224 42.075
411.498 42.075
411.771 5.075
412.045 -19.925
412.318 -6.925
412.592 -11.925
412.865 0.075
413.139 14.075
413.412 40.075
413.686 15.075
413.959 -5.925
414.233 -2.925
414.506 40.075
414.780 7.075
415.053 -6.925
415.327 6.075
415.600 19.076
415.874 30.076
416.147 26.076
416.421 22.076
416.694 5.076
416.968 33.076
417.241 15.076
417.515 -0.924
417.788 5.076
418.062 -19.924
418.335 -27.924
418.609 9.076
418.882 5.076
419.156 11.076
419.429 43.076
419.703 32.076
419.976 16.076
420.250 6.076
420.524 12.076
420.797 -9.923
421.071 -48.923
421.344 -2.923
421.618 14.077
421.891 31.077
422.165 15.077
422.438 -29.923
422.712 -42.923
422.985 -23.923
423.259 -5.923
423.532 2.077
423.806 19.077
424.079 4.077
424.353 17.077
424.626 48.077
424.900 19.077
425.173 -8.923
425.447 -2.923
425.720 -8.922
425.994 -16.922
426.267 -14.922
426.541 6.078
426.814 -2.922
427.088 9.078
427.361 26.078
427.635 25.078
427.908 32.078
428.182 32.078
428.455 28.078
428.729 12.078
429.002 50.078
429.276 68.078
429.549 10.078
429.823 13.078
430.096 3.078
430.370 -10.922
430.643 -5.922
430.917 -4.921
431.190 15.079
431.464 3.079
431.737 35.079
432.011 49.079
432.284 42.079
432.558 40.079
432.831 35.079
433.105 -18.921
433.378 1.079
433.652 -6.921
433.925 -3.921
434.199 -1.921
434.472 40.079
434.746 34.079
435.019 22.079
435.293 58.079
435.566 13.080
435.840 -0.920
436.118 7.080
436.395 -9.920
436.673 -13.920
436.951 35.080
437.228 29.080
437.506 22.080
437.784 70.080
438.061 64.080
438.339 15.080
438.617 -18.920
438.894 12.080
439.172 12.080
439.450 -6.920
439.727 22.080
440.005 8.080
440.283 -7.920
440.560 32.081
440.838 41.081
441.115 35.081
441.393 18.081
441.671 -0.919
441.948 -2.919
442.226 26.081
442.504 42.081
442.781 31.081
443.059 18.081
443.337 32.081
443.614 31.081
443.892 14.081
444.170 -3.919
444.447 -3.919
444.725 -6.919
445.003 -2.919
445.280 50.082
445.558 43.082
445.836 14.082
446.113 -51.918
446.391 -53.918
446.669 -8.918
446.946 20.082
447.224 25.082
447.502 2.076
447.779 -16.851
448.057 -32.754
448.335 -4.889
448.612 2.068
448.890 -7.855
449.168 2.064
449.445 3.055
449.723 -2.889
450.001 21.864
450.278 25.824
450.556 28.795
450.834 27.805
451.111 15.924
451.389 -7.839
451.666 25.825
451.944 27.832
452.222 -5.864
452.499 10.984
452.777 22.900
453.055 -17.792
453.332 -1.905
453.610 10.033
453.888 -5.893
454.165 -36.806
454.443 -6.903
454.721 11.072
454.998 8.084
455.276 26.136
455.554 -25.016
455.831 -28.057
456.109 23.223
456.387 35.367
456.664 16.230
456.942 3.118
457.220 7.170
457.497 23.412
457.775 9.223
458.053 9.241
458.330 -17.226
458.608 16.396
458.886 57.287
459.163 29.739
459.441 31.816
459.719 25.701
459.996 -27.634
460.274 -21.496
460.552 13.462
460.829 20.685
461.107 20.706
461.384 28.983
461.662 35.212
461.940 45.590
462.217 -11.299
462.495 -23.746
462.773 -5.093
463.050 6.313
463.328 29.165
463.606 20.857
463.883 2.168
464.161 -21.741
464.439 14.642
464.716 36.510
464.994 16.739
465.272 5.292
465.549 -19.682
465.827 11.536
466.105 12.577
466.382 25.064
466.660 48.997
466.938 39.632
467.215 13.603
467.493 31.275
467.771 21.919
468.048 32.281
468.326 24.986
468.604 -17.545
468.881 -3.019
469.159 32.181
469.437 -11.286
469.714 -18.524
469.992 0.090
470.270 6.275
470.547 30.986
470.825 47.415
471.102 39.144
471.380 18.570
471.658 -14.269
471.935 -1.960
472.213 43.078
472.491 56.269
472.768 35.804
473.046 12.322
473.324 1.108
473.601 1.107
473.879 3.138
474.157 15.318
474.434 -16.138
474.712 20.353
474.990 32.478
475.267 19.320
475.545 5.145
475.823 33.423
476.100 51.552
476.378 39.443
476.656 8.154
476.933 5.130
477.211 12.186
477.489 14.188
477.766 2.103
478.044 6.126
478.322 10.150
478.599 23.228
478.877 6.126
479.155 4.114
479.432 12.162
479.710 -1.922
479.988 -12.989
480.265 32.283
480.543 38.358
480.820 38.358
481.098 0.090
481.376 -2.934
481.653 20.252
481.931 18.236
482.209 10.181
482.486 -14.036
482.764 1.101
483.042 14.247
483.319 24.358
483.597 16.286
483.875 18.310
484.152 42.645
484.430 33.526
484.708 -3.961
484.985 -10.050
485.263 -8.030
485.541 24.458
485.818 28.519
486.096 28.548
486.374 14.320
486.651 -11.086
486.929 45.871
487.207 85.545
487.484 33.663
487.762 32.646
488.040 38.750
488.317 27.588
488.595 19.441
488.873 26.570
489.150 41.845
489.428 20.460
489.706 0.093
489.983 21.478
490.261 44.900
490.539 11.295
490.816 -8.053
491.094 -6.010
491.371 11.284
491.649 41.803
491.927 32.614
492.204 17.370
492.482 9.231
492.760 11.261
493.037 -12.077
493.315 5.160
493.593 38.594
493.870 40.580
494.148 59.750
494.426 37.505
494.703 21.306
494.981 8.167
495.259 -7.971
495.536 1.101
495.814 -25.057
496.092 11.149
496.369 27.202
496.647 25.169
496.925 10.114
497.202 43.137
497.480 28.094
497.758 12.070
498.035 45.956
498.313 33.958
498.591 -32.742
498.868 -15.795
499.146 47.712
499.424 23.879
499.701 10.984
499.979 20.844
500.257 14.901
500.534 6.990
500.812 26.668
501.089 21.725
501.367 47.198
501.645 32.446
501.922 28.469
502.200 37.202
502.478 42.003
502.755 2.040
503.033 -24.180
503.311 -9.598
503.588 25.237
503.866 7.814
504.144 11.653
504.421 28.910
504.699 47.071
504.977 65.101
505.254 50.664
505.532 31.490
505.810 28.554
506.087 10.508
506.365 -0.854
506.643 5.740
506.920 -21.506
507.198 -1.783
507.476 36.504
507.753 53.212
508.031 37.264
508.309 39.014
508.586 7.483
508.864 -10.049
509.142 23.067
509.419 5.588
509.697 20.217
509.975 36.585
510.252 58.376
510.530 20.070
510.808 -8.071
511.085 11.853
511.363 10.025
511.640 3.695
511.918 0.988
512.196 -12.502
512.473 3.682
512.751 23.427
513.029 30.581
513.306 46.725
513.584 30.554
513.862 20.697
514.139 40.447
514.417 -7.984
514.695 -3.499
514.972 24.325
515.250 17.159
515.528 13.590
515.805 18.107
516.083 13.627
516.361 -12.558
516.638 11.854
516.916 4.623
517.194 22.776
517.471 40.090
517.749 8.287
518.027 18.339
518.304 19.286
518.582 19.322
518.860 14.770
519.137 10.192
519.415 6.531
519.693 0.092
519.970 13.019
520.248 26.894
520.526 40.833
520.803 37.164
521.081 11.235
521.358 8.457
521.636 -0.837
521.914 -26.002
522.191 0.094
522.469 2.895
522.747 24.393
523.024 9.449
523.302 29.121
523.580 -3.654
523.857 -6.466
524.135 25.423
524.413 16.996
524.690 6.668
524.968 12.302
525.246 52.727
525.523 81.862
525.801 93.140
526.079 127.095
526.356 182.598
526.634 209.879
526.912 227.753
527.189 308.656
527.467 362.278
527.745 356.634
528.022 361.338
528.300 346.286
528.578 366.042
528.855 432.834
529.133 477.989
529.411 433.775
529.688 398.027
529.966 439.419
530.244 480.323
530.521 427.592
530.799 367.329
531.077 376.157
531.354 346.940
531.632 294.437
531.909 228.615
532.187 215.599
532.465 196.881
532.742 149.719
533.020 110.051
533.298 96.965
533.575 107.615
533.853 66.766
534.131 84.069
534.408 94.746
534.686 58.529
534.964 29.850
535.241 31.831
535.519 30.929
535.797 37.782
536.074 2.037
536.352 23.380
536.630 56.467
536.907 25.418
537.185 8.883
537.463 0.103
537.740 22.630
538.018 28.562
538.296 47.301
538.573 44.395
538.851 22.786
539.129 46.501
539.406 75.203
539.684 54.506
539.962 47.629
540.239 46.686
540.517 17.962
540.795 7.057
541.072 17.980
541.350 20.959
541.627 -5.853
541.905 0.106
542.183 23.963
542.460 13.028
542.738 39.828
543.016 26.918
543.293 -4.859
543.571 29.898
543.849 42.765
544.126 14.987
544.404 10.027
544.682 13.003
544.959 8.043
545.237 24.908
545.515 49.710
545.792 9.026
546.070 11.008
546.353 18.937
546.637 26.866
546.920 53.678
547.204 -0.885
547.487 0.107
547.770 29.869
548.054 27.913
548.337 55.718
548.621 16.989
548.904 -23.749
549.187 31.917
549.471 33.939
549.754 -12.827
550.038 35.965
550.321 62.920
550.604 40.029
550.888 10.089
551.171 19.090
551.455 29.109
551.738 5.114
552.021 -7.898
552.305 2.114
552.588 1.113
552.871 10.150
553.155 5.135
553.438 -7.938
553.722 34.350
554.005 16.240
554.288 -9.980
554.572 -7.969
554.855 -5.955
555.139 -8.998
555.422 -12.046
555.705 34.595
555.989 90.468
556.272 68.202
556.556 46.908
556.839 65.286
557.122 7.241
557.406 3.171
557.689 24.603
557.973 -31.551
558.256 -12.156
558.539 25.676
558.823 41.056
559.106 20.606
559.390 2.164
559.673 -9.116
559.956 11.397
560.240 17.569
560.523 15.516
560.807 27.865
561.090 7.310
561.373 25.809
561.657 43.281
561.940 57.670
562.223 56.642
562.507 55.614
562.790 43.282
563.074 11.421
563.357 16.560
563.640 22.727
563.924 13.463
564.207 31.944
564.491 59.665
564.774 43.193
565.057 14.476
565.341 0.117
565.624 14.461
565.908 2.166
566.191 41.058
566.474 57.435
566.758 33.859
567.041 43.062
567.325 41.996
567.608 49.147
567.891 8.280
568.175 49.097
568.458 69.434
568.742 27.640
569.025 -8.029
569.308 -21.268
569.592 37.757
569.875 30.636
570.159 20.443
570.442 39.711
570.725 12.300
571.009 29.529
571.292 70.097
571.576 0.117
571.859 7.202
572.142 57.810
572.426 21.351
572.709 5.168
572.992 1.128
573.276 17.272
573.559 13.222
573.843 11.206
574.126 10.188
574.409 13.196
574.693 4.142
574.976 28.258
575.260 15.178
575.543 31.242
575.826 29.205
576.110 32.182
576.393 23.141
576.677 -8.891
576.960 -2.882
577.249 22.118
577.538 64.054
577.827 39.040
578.115 5.103
578.404 -4.867
578.693 7.090
578.982 23.004
579.271 -3.862
579.560 -19.763
579.848 -30.697
580.137 0.118
580.426 35.868
580.715 58.708
581.004 -4.847
581.293 -9.802
581.581 15.992
581.870 34.841
582.159 42.777
582.448 23.928
582.737 54.682
583.026 30.873
583.314 35.833
583.603 27.897
583.892 2.103
584.181 -12.777
584.470 -2.859
584.759 13.029
585.048 14.036
585.336 29.941
585.625 -6.845
585.914 -1.871
586.203 42.949
586.492 10.091
586.781 22.055
587.069 56.009
587.358 27.094
587.647 40.082
587.936 0.122
588.225 -28.878
588.514 -13.892
588.802 17.156
589.091 48.219
589.380 49.270
589.669 33.289
589.958 48.413
590.247 26.307
590.536 37.422
590.824 24.342
591.113 12.245
591.402 22.392
591.691 41.665
591.980 13.310
592.269 27.536
592.557 66.182
592.846 81.509
593.135 62.244
593.424 11.328
593.713 -3.951
594.002 -25.358
594.290 7.262
594.579 57.270
594.868 21.555
595.157 24.617
595.446 15.433
595.735 3.188
596.023 31.728
596.312 34.786
596.601 -12.093
596.890 -2.925
597.179 -1.905
597.468 21.447
597.757 32.549
598.045 27.455
598.334 9.218
598.623 27.372
598.912 28.324
599.201 16.207
599.490 23.196
599.778 30.187
600.067 49.126
600.356 39.048
600.645 16.062
600.934 20.007
601.223 18.001
601.511 17.965
601.800 41.710
602.089 57.495
602.378 31.715
602.667 19.849
602.956 30.667
603.244 27.685
603.533 36.507
603.822 15.843
604.111 28.613
604.400 3.070
604.689 -25.389
604.978 6.008
605.266 -9.678
605.555 -7.717
605.844 15.797
606.133 -20.442
606.422 5.023
606.711 13.838
606.999 3.065
607.288 21.674
607.577 11.880
607.866 -13.585
608.155 3.065
608.444 25.592
608.732 3.065
609.021 39.304
609.310 54.975
609.599 43.222
609.888 25.593
610.177 30.490
610.466 41.264
610.754 26.573
611.043 28.532
611.332 59.873
611.621 39.305
611.910 35.388
612.199 34.409
612.487 26.573
612.776 -4.768
613.065 -5.748
613.354 -11.624
613.643 -9.665
613.932 20.697
614.220 24.615
614.509 34.376
614.798 75.472
615.087 23.613
615.376 -15.526
615.665 -4.763
615.953 27.527
616.242 30.463
616.531 18.721
616.820 45.140
617.109 36.334
617.398 19.719
617.687 51.990
617.975 47.097
618.264 24.593
618.553 39.270
618.842 31.442
619.131 -5.740
619.420 -5.740
619.708 22.636
619.997 37.313
620.286 16.766
620.575 19.701
620.864 32.390
621.153 25.547
621.441 -1.823
621.730 -1.823
622.019 25.523
622.308 -6.704
622.597 5.015
622.886 28.425
623.174 57.693
623.463 71.352
623.752 9.879
624.041 -6.690
624.330 10.854
624.619 -7.664
624.908 7.923
625.196 33.239
625.485 20.581
625.774 -20.315
626.063 14.725
626.352 38.071
626.641 9.861
626.929 13.739
627.218 15.667
627.507 0.134
627.796 9.833
628.085 12.730
628.374 4.002
628.662 25.254
628.951 -5.653
629.240 -19.098
629.529 -10.424
629.818 -4.652
630.107 11.583
630.396 -3.670
630.684 -17.878
630.973 -6.479
631.262 27.412
631.551 29.184
631.840 -0.803
632.129 2.918
632.417 4.755
632.706 -11.853
632.995 -20.972
633.284 15.653
633.573 21.946
633.862 11.903
634.150 11.849
634.439 10.908
634.728 10.869
635.017 -1.658
635.306 3.681
635.595 20.515
635.883 -4.296
636.172 -3.403
636.461 12.449
636.750 45.819
637.039 31.731
637.328 10.651
637.617 29.949
637.905 22.055
638.194 22.932
638.483 37.000
638.772 25.609
639.061 -14.839
639.350 13.354
639.638 24.861
639.927 8.976
640.216 13.437
640.505 43.722
640.794 32.242
641.083 8.179
641.371 -2.562
641.660 -10.662
641.949 -16.101
642.238 -29.707
642.527 -8.036
642.816 11.051
643.104 12.906
643.393 -16.336
643.682 -4.454
643.971 0.134
644.260 6.598
644.549 3.835
644.838 51.155
645.126 61.531
645.415 17.860
645.704 17.910
645.993 -7.361
646.282 -39.336
646.571 -13.045
646.859 0.138
647.148 27.575
647.437 32.397
647.726 3.942
648.015 -19.860
648.304 10.647
648.592 2.055
648.881 2.059
649.170 -11.386
649.459 -41.244
649.748 -46.189
650.037 -37.574
650.326 -0.825
650.614 12.765
650.903 60.456
651.192 54.726
651.481 27.489
651.770 42.179
652.059 48.138
652.347 -11.630
652.636 3.094
652.925 32.627
653.214 14.926
653.503 28.776
653.792 37.698
654.080 33.778
654.369 -9.752
654.658 3.122
654.947 35.864
655.236 2.136
655.525 2.138
655.813 24.031
656.102 31.027
656.391 31.058
656.680 6.139
656.969 28.123
657.258 41.111
657.547 38.152
657.835 24.176
658.124 -21.870
658.413 -4.857
658.702 9.171
658.991 6.171
659.280 17.204
659.568 33.286
659.857 20.234
660.146 35.294
660.435 30.305
660.724 -9.896
661.013 4.174
661.301 36.335
661.590 80.638
661.879 64.541
662.168 24.300
662.457 8.204
662.746 4.180
663.034 -2.863
663.323 11.222
663.612 13.234
663.901 3.174
664.190 24.301
664.479 41.404
664.768 1.162
665.056 28.326
665.345 35.368
665.634 16.253
665.923 8.197
666.212 5.182
666.501 30.308
666.789 16.221
667.078 -7.875
667.367 12.206
667.656 14.200
667.945 13.197
668.234 5.173
668.522 -14.872
668.811 -10.864
669.100 16.190
669.389 6.164
669.678 17.175
669.967 35.158
670.256 39.158
670.544 25.133
670.833 -10.830
671.122 -18.803
671.411 2.155
671.700 8.135
671.989 21.075
672.277 6.135
672.566 -3.821
672.855 51.849
673.144 48.867
673.433 17.041
673.722 4.131
674.010 25.953
674.299 20.001
674.588 13.043
674.877 3.133
675.166 9.070
675.455 20.931
675.743 14.996
676.032 25.851
676.321 24.863
676.610 23.852
676.899 17.929
677.188 26.787
677.477 9.036
677.765 -11.674
678.054 -15.603
678.343 27.747
678.632 30.672
678.921 36.578
679.210 42.442
679.498 -16.555
679.787 -17.538
680.076 -6.715
680.365 8.020
680.654 2.126
680.943 2.124
681.231 52.173
681.520 35.456
681.809 9.966
682.098 17.809
682.387 -22.387
682.676 17.792
682.964 7.998
683.253 -7.673
683.542 -13.550
683.831 -18.447
684.120 10.926
684.409 29.517
684.698 32.453
684.986 45.217
685.275 36.402
685.564 -39.993
685.853 -42.931
686.142 -2.774
686.431 7.020
686.719 19.753
687.008 55.013
687.297 11.918
687.586 14.856
687.875 16.815
688.164 -17.465
688.452 -4.732
688.741 12.898
689.030 -9.629
689.319 -6.684
689.608 7.994
689.897 3.101
690.186 -8.640
690.474 16.800
690.763 24.628
691.052 7.994
691.341 -2.771
691.630 -10.607
691.919 -9.627
692.207 -6.689
692.496 26.612
692.785 6.050
693.074 20.756
693.363 44.286
693.652 42.367
693.940 14.889
694.229 -28.290
694.518 11.957
694.807 32.586
695.096 11.969
695.385 -0.813
695.673 4.107
695.962 34.619
696.251 1.155
696.540 4.112
696.835 11.020
697.130 9.047
697.425 28.771
697.720 -23.520
698.015 9.057
698.310 58.473
698.605 30.805
698.900 -12.673
699.195 -19.609
699.490 11.054
699.785 -0.816
700.080 -10.717
700.375 -21.629
700.670 -29.558
700.965 9.103
701.260 18.032
701.555 6.134
701.850 8.120
702.145 -3.796
702.440 -14.734
702.735 17.075
703.030 31.022
703.324 1.172
703.619 0.177
703.914 48.982
704.209 16.114
704.504 -3.806
704.799 18.124
705.094 10.148
705.389 -24.747
705.684 -31.726
705.979 -18.764
706.274 -35.749
706.569 1.177
706.864 19.161
707.159 -0.819
707.454 -8.811
707.749 8.181
708.044 3.181
708.339 21.181
708.634 -13.819
708.929 -50.870
709.224 -24.868
709.519 28.238
709.814 40.303
710.109 28.267
710.404 25.283
710.699 17.252
710.994 26.314
711.289 5.209
711.584 -15.912
711.879 2.196
712.174 -32.009
712.469 -11.900
712.764 3.206
713.059 10.256
713.354 34.460
713.649 -1.830
713.944 -10.903
714.239 14.299
714.534 -24.007
714.829 -34.087
715.124 23.372
715.419 24.381
715.714 26.397
716.009 30.429
716.304 -18.985
716.598 -41.184
716.893 -22.034
717.188 -6.882
717.483 21.423
717.778 36.627
718.073 52.875
718.368 27.546
718.663 24.531
718.958 -16.053
719.253 -14.036
719.548 -5.912
719.843 -21.193
720.138 -3.885
720.433 0.193
720.728 -22.256
721.023 31.858
721.318 9.387
721.613 -5.941
721.908 -9.008
722.203 9.407
722.498 24.760
722.793 12.490
723.088 53.474
723.383 23.761
723.678 -20.317
723.973 -9.034
724.268 15.581
724.563 26.863
724.858 23.787
725.153 0.197
725.448 -26.469
725.743 -22.344
726.038 -7.999
726.333 -26.441
726.628 20.669
726.923 30.904
727.218 -6.959
727.513 -12.072
727.808 -22.274
728.103 5.300
728.398 28.741
728.693 4.276
728.988 7.327
729.283 26.648
729.578 46.947
729.873 36.784
730.167 32.686
730.462 30.625
730.757 24.515
731.052 1.211
731.347 -17.007
731.642 -22.046
731.937 -3.841
732.232 24.442
732.527 26.435
732.822 40.522
733.117 68.679
733.412 34.439
733.707 31.387
734.002 32.360
734.297 -0.804
734.592 12.236
734.887 25.250
735.182 23.246
735.477 25.225
735.772 -5.800
736.067 -46.753
736.362 -13.772
736.657 11.178
736.952 -14.755
737.247 -31.672
737.542 -1.792
737.837 42.987
738.132 39.007
738.427 18.093
738.722 6.165
739.017 8.145
739.312 24.034
739.607 25.003
739.902 -17.656
740.197 18.041
740.492 17.050
740.787 -23.561
741.082 -1.778
741.377 18.995
741.672 -1.774
741.967 5.143
742.262 11.061
742.557 -11.632
742.852 5.133
743.147 8.084
743.442 18.922
743.736 24.833
744.031 15.951
744.326 34.652
744.621 38.589
744.916 8.070
745.211 2.170
745.506 10.037
745.801 -37.161
746.096 -30.248
746.391 -36.141
746.686 0.205
746.981 26.701
747.276 40.440
747.571 30.627
747.866 -16.462
748.161 -21.363
748.456 -0.775
748.751 23.712
749.046 42.321
749.341 35.466
749.636 20.754
749.931 27.604
750.226 22.711
750.521 29.561
750.816 20.755
751.111 13.906
751.406 9.014
751.701 26.627
751.996 8.036
752.291 5.101
752.586 36.412
752.881 0.209
753.176 -4.683
753.471 13.908
753.766 -4.683
754.061 26.655
754.356 -8.605
754.651 -33.090
754.946 -17.419
755.241 15.882
755.536 35.471
755.831 56.039
756.126 32.501
756.421 23.695
756.716 -3.702
757.010 -13.487
757.305 -17.400
757.600 -29.142
757.895 -37.948
758.190 -3.697
758.485 23.697
758.780 43.266
759.075 30.546
759.370 5.106
759.665 -35.989
759.960 -19.374
760.255 20.783
760.550 25.680
760.845 34.529
761.140 42.373
761.435 31.620
761.730 10.040
762.025 -10.588
762.320 -2.732
762.615 -23.381
762.910 4.151
763.205 27.778
763.500 18.920
763.802 19.924
764.104 3.175
764.406 -4.706
764.708 33.751
765.010 33.751
765.312 7.124
765.615 11.080
765.917 -5.702
766.219 -11.636
766.521 3.187
766.823 24.926
767.125 43.744
767.427 20.995
767.729 10.125
768.031 11.115
768.333 -2.746
768.635 4.189
768.937 35.904
769.239 16.082
769.542 15.107
769.844 10.147
770.146 7.171
770.448 30.018
770.750 4.199
771.052 19.114
771.354 60.864
771.656 36.049
771.958 16.149
772.260 4.213
772.562 -26.690
772.864 -31.706
773.166 44.142
773.468 40.191
773.771 9.231
774.073 -0.769
774.375 6.244
774.677 21.275
774.979 17.284
775.281 -3.783
775.583 -8.811
775.885 15.310
776.187 39.470
776.489 21.383
776.791 -2.788
777.093 -28.018
777.395 -15.925
777.698 7.315
778.000 -30.126
778.302 0.238
778.604 72.247
778.906 59.123
779.208 49.020
779.510 64.330
779.812 23.663
780.114 -44.611
780.416 -22.230
780.718 39.098
781.020 20.714
781.322 13.564
781.625 31.014
781.927 45.373
782.229 37.206
782.531 11.551
782.833 1.275
783.135 -4.902
783.437 -6.969
783.739 41.528
784.041 30.207
784.343 49.887
784.645 29.235
784.947 4.395
785.249 20.998
785.552 -22.594
785.854 -82.908
786.156 -49.695
786.458 9.628
786.760 -19.559
787.062 -10.184
787.364 -11.239
787.666 2.347
787.968 28.528
788.270 47.426
788.572 39.082
788.874 -12.360
789.176 -15.531
789.478 -16.601
789.781 -21.869
790.083 19.247
790.385 34.052
790.687 1.318
790.989 4.495
791.291 4.500
791.593 4.505
791.895 8.747
792.197 11.941
792.499 -3.982
792.801 -31.616
793.103 -5.048
793.405 4.521
793.708 17.287
794.010 43.930
794.312 19.457
794.614 12.008
794.916 -4.001
795.218 -6.141
795.520 -14.704
795.822 -35.062
796.124 -4.016
796.426 33.533
796.728 7.791
797.030 -4.028
797.332 26.079
797.635 8.885
797.937 7.817
798.239 27.244
798.541 -1.884
798.843 -2.964
799.145 -7.291
799.447 6.771
799.749 63.048
800.051 40.321
800.353 -11.639
800.655 -26.807
800.957 3.533
801.259 2.449
801.562 -15.989
801.864 44.749
802.166 51.313
802.468 26.340
802.770 8.968
803.072 11.140
803.374 -0.803
803.676 -13.847
803.978 -42.108
804.280 -33.412
804.582 -4.068
804.884 17.695
805.186 1.375
805.488 -6.250
805.791 -1.894
806.093 0.287
806.395 -10.641
806.697 4.665
806.999 35.300
807.301 -6.282
807.603 -5.186
807.905 28.799
808.207 1.389
808.509 -15.076
808.811 40.907
809.113 46.447
809.415 -9.597
809.718 3.590
810.020 -5.206
810.322 5.795
810.624 41.044
810.926 33.335
811.228 53.218
811.530 34.475
811.834 -0.806
812.137 -7.437
812.441 15.768
812.744 22.423
813.048 12.482
813.351 23.582
813.655 42.477
813.958 -9.687
814.262 14.747
814.565 9.202
814.869 -24.195
815.172 18.122
815.476 41.554
815.779 18.163
816.083 -5.274
816.386 28.240
816.690 14.849
816.993 0.308
817.297 45.152
817.600 49.692
817.904 72.221
818.208 67.803
818.511 29.558
818.815 8.195
819.118 38.645
819.422 16.115
819.725 -1.943
820.029 19.502
820.332 17.245
820.636 11.602
820.939 -9.831
821.243 -0.811
821.546 -18.828
821.850 -28.898
822.153 -8.663
822.457 20.495
822.760 37.228
823.064 38.262
823.367 2.542
823.671 41.380
823.974 -5.223
824.278 -15.139
824.582 -0.787
824.885 10.180
825.189 -0.781
825.492 -25.833
825.796 -29.006
826.099 -20.253
826.403 32.636
826.706 29.309
827.010 -13.597
827.313 8.826
827.617 11.983
827.920 6.647
828.224 22.409
828.527 44.328
828.831 44.143
829.134 -3.857
829.438 -15.228
829.741 12.671
830.045 19.806
830.348 24.838
830.652 6.407
830.956 8.401
831.259 8.368
831.563 -10.761
831.866 21.315
832.170 44.117
832.473 25.093
832.777 -7.607
833.080 -21.342
833.384 -17.324
833.687 19.762
833.991 -9.403
834.294 -23.822
834.598 -12.191
834.901 12.700
835.205 18.326
835.508 26.747
835.812 21.917
836.115 12.452
836.419 22.646
836.722 -6.216
837.026 12.292
837.330 22.376
837.633 18.624
837.937 9.425
838.240 -2.464
838.544 23.065
838.847 25.776
839.151 7.555
839.454 -15.193
839.758 -25.202
840.061 -6.098
840.365 5.747
840.668 8.497
840.972 3.939
841.275 -8.886
841.579 6.715
841.882 0.282
842.186 24.313
842.489 27.161
842.793 25.379
843.097 62.729
843.400 46.083
843.704 -1.587
844.007 4.990
844.311 47.417
844.614 31.484
844.918 15.445
845.221 13.578
845.525 4.098
845.828 -39.703
846.132 -7.336
846.435 45.189
846.739 65.309
847.042 58.617
847.346 51.018
847.649 41.449
847.953 21.354
848.256 5.086
848.560 19.441
848.863 11.786
849.167 25.159
849.471 40.456
849.774 12.732
850.078 -1.607
850.381 -5.422
850.685 7.930
850.988 6.018
851.292 0.304
851.595 -11.092
851.899 -10.123
852.202 10.710
852.506 33.385
852.809 15.383
853.113 -4.401
853.416 -1.575
853.720 -30.597
854.023 -38.914
854.327 -15.527
854.630 21.657
854.934 12.338
855.237 26.178
855.541 24.263
855.845 54.527
856.148 20.464
856.452 5.783
856.755 48.612
857.059 19.389
857.362 -46.889
857.666 -0.608
857.969 31.011
858.273 26.447
858.576 18.299
858.880 20.962
859.183 34.377
859.487 38.793
859.790 3.871
860.094 2.081
860.397 -5.051
860.701 30.546
861.004 23.408
861.308 14.493
861.611 28.665
861.915 23.326
862.219 -0.588
862.522 -2.353
862.826 -22.651
863.129 -6.758
863.433 35.540
863.736 27.586
864.040 6.460
864.343 17.024
864.647 11.742
864.950 -4.102
865.254 2.060
865.557 12.635
865.861 -18.202
866.164 -12.044
866.468 -7.635
866.771 30.338
867.075 27.713
867.378 13.578
867.682 14.489
867.985 12.728
868.289 4.751
868.593 22.549
868.896 11.004
869.200 9.230
869.503 20.864
869.807 9.272
870.110 46.991
870.414 55.219
870.717 39.088
871.021 21.092
871.324 33.831
871.628 52.089
871.931 36.716
872.235 10.357
872.538 -6.997
872.842 7.663
873.145 -5.200
873.449 0.326
873.752 29.957
874.056 17.058
874.359 20.834
874.663 24.631
874.967 21.889
875.270 37.929
875.574 31.439
875.877 2.228
876.181 17.401
876.484 -17.720
876.788 -19.677
877.091 -17.821
877.395 11.850
877.698 6.110
878.002 4.201
878.305 43.785
878.609 14.871
878.912 22.660
879.216 52.831
879.519 30.569
879.823 8.168
880.126 12.087
880.430 16.029
880.733 10.172
881.037 11.165
881.341 28.876
881.644 37.800
881.948 41.783
882.251 44.786
882.555 45.864
882.858 31.059
883.162 5.327
883.465 -2.611
883.769 -2.613
884.072 32.210
884.376 20.311
884.679 14.373
884.983 5.373
885.286 16.374
885.590 38.374
885.893 29.375
886.197 -2.625
886.500 -26.624
886.804 -42.624
887.107 0.377
887.411 30.378
887.715 28.378
888.018 7.379
888.322 -9.621
888.625 -1.620
888.929 14.380
889.232 21.381
889.536 32.381
889.839 50.382
890.143 62.383
890.446 10.383
890.750 12.384
891.053 11.384
891.357 17.385
891.660 -7.615
891.964 9.386
892.267 10.386
892.571 -23.613
892.874 56.388
893.178 37.388
893.482 1.389
893.785 21.389
894.089 -3.610
894.392 -11.609
894.696 10.391
894.999 23.392
895.303 15.392
895.606 -32.607
895.910 -26.607
896.213 -3.606
896.517 30.395
896.820 38.395
897.124 13.396
897.427 -11.604
897.731 -10.603
898.034 -23.602
898.338 -14.602
898.641 16.399
898.945 28.399
899.248 4.400
899.552 -20.599
899.856 -18.599
900.159 16.402
900.463 20.402
900.766 -9.597
901.070 -21.596
901.373 1.404
901.677 5.405
901.980 28.405
902.284 -7.594
902.587 10.407
902.891 13.407
903.194 11.408
903.498 12.408
903.801 5.409
904.105 -19.590
904.408 -16.590
904.712 -0.589
905.015 -8.588
905.319 19.412
905.622 4.413
905.926 24.413
906.230 28.414
906.533 13.415
906.837 9.415
907.140 16.416
907.444 20.417
907.747 28.417
908.051 44.418
908.354 18.418
908.658 13.419
908.961 34.420
909.265 28.420
909.568 42.421
909.872 18.422
910.175 -13.578
910.479 -0.577
910.782 -16.576
911.086 -4.576
911.389 50.425
911.693 34.426
911.996 29.426
912.300 39.427
912.609 9.428
912.918 -11.572
913.227 -4.571
913.537 17.429
913.846 5.430
914.155 40.431
914.464 46.431
914.773 24.432
915.082 6.433
915.391 4.433
915.700 5.434
916.010 -24.565
916.319 -15.564
916.628 26.436
916.937 19.437
917.246 24.438
917.555 36.438
917.864 7.439
918.174 -45.560
918.483 -27.560
918.792 -4.559
919.101 -2.558
919.410 -14.558
919.719 -1.557
920.028 -2.556
920.337 0.444
920.647 28.445
920.956 5.446
921.265 6.447
921.574 5.447
921.883 -25.552
922.192 9.449
922.501 34.449
922.811 -11.550
923.120 -5.549
923.429 53.451
923.738 41.452
924.047 10.453
924.356 16.454
924.665 1.454
924.974 11.455
925.284 14.456
925.593 42.456
925.902 58.457
926.211 26.458
926.520 -28.541
926.829 0.459
927.138 -7.540
927.448 -19.539
927.757 -2.538
928.066 14.462
928.375 43.463
928.684 41.464
928.993 18.464
929.302 -13.535
929.611 -7.534
929.921 32.467
930.230 45.467
930.539 68.468
930.848 31.469
931.157 -6.530
931.466 -4.530
931.775 17.471
932.085 20.472
932.394 10.473
932.703 23.473
933.012 -3.526
933.321 6.475
933.630 -22.524
933.939 -26.523
934.248 -20.523
934.558 -3.522
934.867 9.479
935.176 23.480
935.485 21.480
935.794 21.481
936.103 3.482
936.412 18.483
936.721 11.483
937.031 7.484
937.340 -18.515
937.649 -3.514
937.958 9.487
938.267 51.487
938.576 22.488
938.885 -12.511
939.195 -26.510
939.504 -27.509
939.813 -14.509
940.122 7.492
940.431 42.493
940.740 7.494
941.049 15.495
941.359 2.495
941.668 -5.504
941.977 14.497
942.286 28.498
942.595 22.499
942.904 5.500
943.213 0.500
943.522 28.501
943.832 13.502
944.141 16.503
944.450 49.504
944.759 16.504
945.068 -29.495
945.377 -2.494
945.686 18.507
945.995 9.508
946.305 24.509
946.614 59.509
946.923 44.510
947.232 36.511
947.541 45.512
947.850 31.513
948.159 1.514
948.469 -25.485
948.778 -22.485
949.087 0.516
949.396 10.517
949.705 34.518
950.014 16.519
950.323 -1.480
950.632 13.521
950.942 40.521
951.251 2.522
951.560 -0.477
951.869 -9.476
952.178 -33.475
952.487 18.526
952.796 9.527
953.106 -22.472
953.415 17.528
953.724 28.529
954.033 -2.470
954.342 11.531
954.651 6.532
954.960 -14.467
955.269 20.534
955.579 70.535
955.888 39.536
956.197 16.537
956.506 36.537
956.815 41.538
957.124 1.539
957.433 18.540
957.743 -3.459
958.052 -29.458
958.361 -5.457
958.670 17.544
958.979 41.545
959.288 36.546
959.597 -7.453
959.906 -9.452
960.216 3.548
960.525 -1.451
960.834 -24.450
961.143 42.551
961.452 15.552
961.761 -7.447
962.070 12.554
962.380 16.555
962.689 -13.444
962.998 5.557
963.307 10.558
963.616 -15.441
963.925 -29.440
964.234 0.561
964.543 11.562
964.853 -19.437
965.162 -35.436
965.471 -16.435
965.780 13.566
966.092 31.567
966.404 30.568
966.716 30.569
967.028 29.570
967.340 7.571
967.652 -17.429
967.964 0.572
968.276 4.573
968.588 45.574
968.900 35.575
969.212 -16.424
969.524 -7.423
969.836 -18.422
970.148 -2.421
970.460 16.580
970.772 6.581
971.084 21.583
971.396 11.584
971.708 -14.415
972.020 7.586
972.332 15.587
972.644 14.588
972.956 27.589
973.268 37.590
973.580 28.591
973.892 10.592
974.204 40.593
974.516 50.594
974.828 -5.405
975.140 -16.404
975.452 3.597
975.764 7.598
976.076 -0.401
976.388 16.600
976.700 47.601
977.012 35.602
977.324 19.603
977.636 25.604
977.948 -29.395
978.260 -53.394
978.572 32.608
978.884 46.609
979.196 15.610
979.508 12.611
979.820 8.612
980.132 31.613
980.444 32.614
980.756 8.615
981.068 16.616
981.380 27.617
981.692 2.618
982.004 -6.380
982.316 8.621
982.628 20.622
982.940 -9.377
983.252 13.624
983.564 55.625
983.876 33.626
984.188 14.627
984.500 -14.372
984.812 -62.370
985.124 -54.369
985.436 -15.368
985.748 -3.367
986.060 -18.366
986.372 -2.365
986.684 22.636
986.996 -22.362
987.308 -36.361
987.620 -28.360
987.932 -22.359
988.244 13.642
988.556 29.643
988.868 28.644
989.180 9.646
989.492 8.647
989.804 36.648
990.116 13.649
990.428 -0.350
990.740 18.652
991.052 29.653
991.364 26.654
991.676 39.655
991.988 18.656
992.300 38.657
992.612 59.659
992.924 49.660
993.236 26.661
993.548 5.662
993.860 0.663
994.172 -7.335
994.484 -1.334
994.796 36.667
995.108 36.668
995.420 7.670
995.732 23.671
996.044 -1.328
996.356 -32.327
996.668 -25.325
996.980 8.676
997.292 23.677
997.604 26.678
997.916 40.679
998.228 33.681
998.540 25.682
998.852 -11.317
999.164 -6.315
999.476 18.686
999.788 21.687
1000.100 -10.312
1000.412 -35.310
1000.724 -1.309
1001.036 16.692
1001.348 27.693
1001.660 6.695
1001.972 24.696
1002.284 40.697
1002.596 20.699
1002.908 12.700
1003.220 32.701
1003.532 -3.297
1003.844 -5.296
1004.156 39.705
1004.468 41.706
1004.780 31.708
1005.092 47.709
1005.404 34.710
1005.716 5.712
1006.028 -32.287
1006.340 2.714
1006.652 40.716
1006.964 35.717
1007.276 27.718
1007.588 31.720
1007.900 59.721
1008.212 47.723
1008.524 8.724
1008.836 12.725
1009.148 10.727
1009.460 20.728
1009.772 33.729
1010.084 -27.269
1010.396 -45.268
1010.708 -3.266
1011.020 43.735
1011.332 4.736
1011.644 -6.262
1011.956 3.739
1012.268 8.741
1012.580 1.742
1012.892 1.743
1013.204 17.745
1013.516 11.746
1013.828 18.748
1014.140 4.749
1014.452 -6.250
1014.764 4.752
1015.076 5.753
1015.388 4.755
1015.700 15.756
1016.012 42.758
1016.324 34.759
1016.636 1.761
1016.948 0.762
1017.260 28.763
1017.572 -22.235
1017.884 -10.234
1018.196 32.768
1018.508 29.769
1018.820 22.771
1019.132 -7.228
1019.444 27.774
1019.756 24.775
1020.068 -2.223
1020.380 15.778
1020.692 5.780
1021.004 13.781
1021.316 -3.217
1021.628 -29.216
1021.940 9.786
1022.252 25.787
1022.564 22.789
1022.876 8.790
1023.188 26.792
1023.500 28.793
1023.812 0.795
1024.124 -24.203
1024.436 -3.202
1024.748 2.800
1025.060 -6.199
1025.372 -5.197
1025.684 20.804
1025.996 15.806
1026.308 -18.193
1026.620 -13.191
1026.932 -6.189
1027.244 -23.188
1027.556 0.814
1027.868 32.815
1028.180 11.817
1028.492 21.819
1028.804 12.820
1029.116 1.822
1029.428 -3.177
1029.740 -5.175
1030.052 -32.173
1030.364 -19.172
1030.676 -27.170
1030.988 -33.168
1031.300 -1.167
1031.612 31.835
1031.924 24.837
1032.236 25.838
1032.548 -12.160
1032.860 -16.159
1033.172 -23.157
1033.484 -7.155
1033.796 -15.154
1034.108 -4.152
1034.420 11.850
1034.732 48.852
1035.044 34.853
1035.356 5.855
1035.668 16.857
1035.980 9.858
1036.292 -2.140
1036.604 -8.138
1036.916 14.863
1037.228 -4.135
1037.540 6.867
1037.852 31.869
1038.164 23.870
1038.476 11.872
1038.788 39.874
1039.100 -14.124
1039.412 -43.123
1039.724 -19.121
1040.036 -1.119
1040.348 9.883
1040.660 10.884
1040.972 26.886
1041.284 -7.112
1041.596 -8.110
1041.908 17.892
1042.220 1.893
1042.532 -18.105
1042.844 -20.103
1043.156 20.899
1043.468 3.901
1043.780 24.902
1044.092 55.904
1044.404 15.906
1044.716 -34.092
1045.028 -33.090
1045.340 -7.088
1045.652 -13.087
1045.964 24.915
1046.276 0.917
1046.588 -26.081
1046.900 25.921
1047.212 56.923
1047.524 63.925
1047.836 35.926
1048.148 -9.072
1048.460 -7.070
1048.772 12.932
1049.084 19.934
1049.396 -8.064
1049.708 -7.062
1050.020 14.940
1050.332 16.942
1050.644 12.944
1050.956 7.946
1051.268 -3.052
1051.580 29.949
1051.892 21.951
1052.204 29.953
1052.516 34.955
1052.828 33.957
1053.140 -4.041
1053.452 21.961
1053.764 36.963
1054.076 18.965
1054.388 -6.033
1054.700 -4.031
1055.012 5.971
1055.324 -3.027
1055.636 13.975
1055.948 43.977
1056.260 15.979
1056.572 15.981
1056.884 -32.017
1057.196 -53.015
1057.508 -14.013
1057.820 2.989
1058.132 -6.009
1058.444 -18.007
1058.756 -4.004
1059.068 7.998
1059.380 21.000
1059.692 24.002
1060.004 24.004
1060.316 27.006
1060.628 -13.992
1060.940 5.010
1061.252 32.012
1061.564 53.014
1061.876 19.016
1062.188 -16.981
1062.500 -25.979
1062.812 -23.977
1063.124 -24.975
1063.436 -14.973
1063.748 7.029
1064.060 -2.969
1064.372 29.034
1064.684 37.036
1064.996 36.038
1065.308 6.040
1065.620 4.042
1065.932 5.044
1066.244 44.047
1066.556 0.049
1066.868 -7.949
1067.180 20.053
1067.492 15.055
1067.804 -5.942
1068.116 35.060
1068.428 74.062
1068.740 46.064
1069.052 39.067
1069.364 37.069
1069.676 14.071
1069.988 6.073
1070.300 25.076
1070.612 4.078
1070.924 -16.920
1071.236 -9.918
1071.548 40.085
1071.860 45.087
1072.172 6.089
1072.484 -13.908
1072.796 -14.906
1073.108 8.096
1073.420 32.099
1073.732 49.101
1074.044 36.103
1074.356 19.106
1074.668 12.108
1074.980 16.110
1075.292 29.113
1075.604 13.115
1075.916 -7.883
1076.228 17.120
1076.540 17.122
1076.852 -1.875
1077.164 1.127
1077.476 41.129
1077.788 20.132
1078.100 3.134
1078.412 -3.863
1078.724 8.139
1079.036 39.141
1079.348 51.144
1079.660 36.146
1079.972 32.149
1080.284 35.151
1080.596 26.154
1080.908 2.156
1081.220 -49.841
1081.532 -11.839
1081.844 1.164
1082.156 10.166
1082.468 33.169
1082.780 42.171
1083.092 30.174
1083.404 44.176
1083.716 23.179
1084.028 -5.819
1084.340 16.184
1084.652 18.186
1084.964 36.189
1085.276 12.192
1085.588 35.194
1085.900 51.197
1086.212 45.199
1086.524 39.202
1086.836 13.204
1087.148 -3.793
1087.460 -5.790
1087.772 23.212
1088.084 19.215
1088.396 25.217
1088.708 50.220
1089.020 37.223
1089.332 18.225
1089.644 6.228
1089.956 -22.769
1090.268 -8.767
1090.580 21.236
1090.892 23.239
1091.204 -10.759
1091.516 24.244
1091.828 29.247
1092.140 23.250
1092.465 11.252
1092.790 -11.745
1093.114 -11.742
1093.439 13.260
1093.764 2.263
1094.089 -25.734
1094.414 -20.731
1094.739 42.271
1095.063 55.274
1095.388 -10.723
1095.713 -32.720
1096.038 -2.717
1096.363 7.285
1096.688 -9.712
1097.012 0.291
1097.337 -8.706
1097.662 33.297
1097.987 34.299
1098.312 24.302
1098.637 43.305
1098.961 32.308
1099.286 -1.689
1099.611 -14.686
1099.936 32.317
1100.261 -9.681
1100.586 3.322
1100.910 24.325
1101.235 11.328
1101.560 -4.669
1101.885 7.334
1102.210 -2.663
1102.535 -0.660
1102.859 30.343
1103.184 27.346
1103.509 2.349
1103.834 -14.648
1104.159 -1.646
1104.484 3.357
1104.808 23.360
1105.133 3.363
1105.458 -14.634
1105.783 -9.631
1106.108 9.372
1106.432 -34.625
1106.757 -50.622
1107.082 -23.619
1107.407 29.385
1107.732 39.388
1108.057 6.391
1108.381 53.394
1108.706 55.397
1109.031 13.400
1109.356 -26.597
1109.681 15.406
1110.006 8.409
1110.330 19.412
1110.655 13.415
1110.980 37.418
1111.305 15.421
1111.630 -6.575
1111.955 10.428
1112.279 30.431
1112.604 28.434
1112.929 -5.563
1113.254 -6.560
1113.579 11.444
1113.904 28.447
1114.228 21.450
1114.553 18.453
1114.878 10.456
1115.203 1.459
1115.528 -20.537
1115.853 -33.534
1116.177 -29.531
1116.502 -16.528
1116.827 7.476
1117.152 -31.521
1117.477 -18.518
1117.802 -6.515
1118.126 -16.511
1118.451 -0.508
1118.776 12.495
1119.101 -13.501
1119.426 -26.498
1119.751 10.505
1120.075 9.508
1120.400 2.512
1120.725 -13.485
1121.050 0.518
1121.375 -2.478
1121.699 -14.475
1122.024 -17.472
1122.349 -2.468
1122.674 3.535
1122.999 27.539
1123.324 37.542
1123.648 30.545
1123.973 5.549
1124.298 -22.448
1124.623 -2.444
1124.948 -0.441
1125.273 3.562
1125.597 -25.434
1125.922 -19.431
1126.247 -21.427
1126.572 -10.424
1126.897 21.580
1127.222 7.583
1127.546 1.587
1127.871 23.590
1128.196 24.594
1128.521 28.597
1128.846 20.601
1129.171 18.604
1129.495 -5.392
1129.820 9.611
1130.145 30.615
1130.470 21.618
1130.795 24.622
1131.120 23.625
1131.444 8.629
1131.769 -19.367
1132.094 -45.364
1132.419 -9.360
1132.744 11.643
1133.069 9.647
1133.393 39.651
1133.718 27.654
1134.043 4.658
1134.368 10.661
1134.693 29.665
1135.017 -3.331
1135.342 -19.328
1135.667 18.676
1135.992 6.680
1136.317 -9.317
1136.642 -7.313
1136.966 -8.309
1137.291 -32.306
1137.616 -42.302
1137.941 -6.298
1138.266 30.706
1138.591 31.709
1138.915 36.713
1139.240 61.717
1139.565 27.720
1139.890 18.724
1140.215 38.728
1140.540 34.732
1140.864 52.735
1141.189 62.739
1141.514 13.743
1141.839 13.747
1142.164 36.751
1142.489 35.754
1142.813 16.758
1143.138 21.762
1143.463 -3.234
1143.788 -10.230
1144.113 -19.226
1144.438 -62.223
1144.762 -34.219
1145.087 22.785
1145.412 36.789
1145.737 38.793
1146.062 44.797
1146.387 41.801
1146.711 24.804
1147.036 6.808
1147.361 -1.188
1147.686 -1.184
1148.011 -6.180
1148.335 -11.176
1148.660 21.828
1148.985 9.832
1149.310 26.836
1149.635 18.840
1149.960 1.844
1150.284 -5.152
1150.609 -10.149
1150.934 7.855
1151.259 35.859
1151.584 13.863
1151.909 22.867
1152.233 13.871
1152.558 15.875
1152.883 -10.121
1153.208 -1.117
1153.533 13.887
1153.858 -15.109
1154.182 -4.105
1154.507 -6.101
1154.832 -23.097
1155.157 -13.093
1155.482 24.912
1155.807 21.916
1156.131 -2.080
1156.456 28.924
1156.781 11.928
1157.106 -4.068
1157.431 20.936
1157.756 4.940
1158.080 12.944
1158.405 11.948
1158.730 15.952
1159.055 -2.044
1159.380 6.960
1159.705 -15.035
1160.029 -10.031
1160.354 11.973
1160.679 33.977
1161.004 24.981
1161.329 63.985
1161.653 43.989
1161.978 24.993
1162.303 4.998
1162.628 -20.998
1162.953 -6.994
1163.278 -14.990
1163.602 24.014
1163.927 50.018
1164.252 32.023
1164.577 18.027
1164.902 32.031
1165.227 70.035
1165.551 65.039
1165.876 1.043
1166.201 0.048
1166.526 47.052
1166.851 30.056
1167.176 -8.940
1167.500 -2.936
1167.825 13.069
1168.150 29.073
1168.475 11.077
1168.800 0.081
1169.125 -4.915
1169.449 -17.910
1169.774 9.094
1170.099 45.098
1170.424 32.102
1170.749 38.107
1171.074 49.111
1171.398 53.115
1171.723 8.119
1172.048 -9.876
1172.373 54.128
1172.698 41.132
1173.023 -5.864
1173.347 -3.859
1173.672 18.145
1173.997 25.149
1174.322 46.153
1174.647 38.158
1174.972 44.162
1175.296 31.166
1175.621 0.170
1175.946 24.175
1176.271 9.179
1176.596 1.183
1176.920 12.188
1177.245 27.192
1177.570 12.196
1177.895 33.200
1178.220 40.205
1178.545 -2.791
1178.869 -9.787
1179.194 -2.782
1179.519 2.222
1179.844 -18.774
1180.169 -17.770
1180.494 23.235
1180.818 22.239
1181.143 7.243
1181.468 5.248
1181.793 -4.748
1182.118 -27.744
1182.443 -1.740
1182.767 23.265
1183.092 28.269
1183.417 13.273
1183.742 -13.722
1184.067 29.282
1184.392 24.286
1184.716 35.290
1185.041 7.295
1185.366 -1.701
1185.691 1.303
1186.016 16.308
1186.341 46.312
1186.665 24.316
1186.990 -15.680
1187.315 -14.675
1187.640 37.329
1187.965 38.333
1188.290 17.337
1188.614 21.342
1188.939 36.346
1189.264 14.350
1189.589 4.354
1189.914 52.359
1190.238 39.363
1190.563 38.367
1190.888 13.372
1191.213 18.376
1191.538 34.380
1191.863 -2.616
1192.187 11.388
1192.512 4.393
1192.837 14.397
1193.162 31.401
1193.487 11.405
1193.812 2.410
1194.136 -38.586
1194.461 -38.582
1194.786 -5.578
1195.111 10.426
1195.436 -4.569
1195.761 12.435
1196.085 41.439
1196.410 37.443
1196.735 43.447
1197.060 21.452
1197.385 37.456
1197.710 5.460
1198.034 -13.536
1198.359 -18.532
1198.684 17.472
1199.009 27.476
1199.334 16.481
1199.659 24.485
1199.983 22.489
1200.308 32.493
1200.633 11.497
1200.958 -8.499
1201.283 6.505
1201.608 32.509
1201.932 42.513
1202.257 14.517
1202.582 18.522
1202.907 27.526
1203.232 7.530
1203.556 22.534
1203.881 3.538
1204.206 -43.458
1204.531 -29.454
1204.856 -1.450
1205.181 63.554
1205.505 41.558
1205.830 10.562
1206.155 15.566
1206.480 22.570
1206.805 37.574
1207.130 6.578
1207.454 -23.418
1207.779 15.585
1208.104 26.589
1208.429 -6.407
1208.754 -6.403
1209.079 11.601
1209.403 -18.395
1209.728 -22.391
1210.053 -9.387
1210.378 -10.383
1210.703 -23.380
1211.028 9.624
1211.352 42.628
1211.677 65.632
1212.002 24.636
1212.327 15.639
1212.652 24.643
1212.977 12.647
1213.301 3.651
1213.626 -16.346
1213.951 13.658
1214.276 47.662
1214.601 16.666
1214.926 -8.331
1215.250 -5.327
1215.575 22.677
1215.900 4.680
1216.225 -10.316
1216.550 -38.313
1216.875 12.691
1217.199 18.695
1217.524 4.698
1217.849 -17.298
1218.174 -29.295
1218.499 -6.291
1218.823 18.712
1219.148 11.716
1219.473 18.719
1219.798 11.723
1220.123 21.726
1220.448 34.730
1220.772 43.733
1221.097 18.737
1221.422 33.740
1221.747 24.743
1222.072 9.747
1222.397 45.750
1222.721 37.754
1223.046 -2.243
1223.371 -10.240
1223.696 55.763
