165.214 -43.014
165.472 -55.014
165.730 17.986
165.987 -14.014
166.245 -12.014
166.503 29.986
166.761 -21.014
167.019 3.986
167.277 -5.014
167.534 -7.014
167.792 30.986
168.050 49.986
168.308 15.986
168.566 2.986
168.824 7.986
169.081 -3.014
169.339 18.986
169.597 -2.014
169.855 -21.014
170.113 5.986
170.371 -16.014
170.628 -10.014
170.886 -32.014
171.144 -21.014
171.402 18.986
171.660 -9.014
171.917 -21.014
172.175 11.986
172.433 34.986
172.691 3.986
172.949 -15.014
173.207 -0.014
173.464 14.986
173.722 38.986
173.980 9.986
174.238 17.986
174.496 6.986
174.754 -40.014
175.011 0.985
175.269 6.985
175.527 13.985
175.785 -9.015
176.043 -6.015
176.301 35.985
176.558 58.985
176.816 -37.015
177.074 2.985
177.332 -5.015
177.590 -17.015
177.848 -19.015
178.105 33.985
178.363 1.985
178.621 33.985
178.879 -29.015
179.137 30.985
179.395 17.985
179.652 6.985
179.910 -0.015
180.168 2.985
180.426 -30.015
180.684 -45.015
180.942 18.985
181.199 4.985
181.457 -4.015
181.715 -8.015
181.973 -4.015
182.231 73.985
182.489 9.985
182.746 24.985
183.004 6.985
183.262 -29.015
183.520 -32.015
183.778 -7.015
184.036 53.985
184.293 -23.015
184.551 26.985
184.809 -0.015
185.067 -55.015
185.325 0.985
185.583 0.985
185.840 9.985
186.098 -12.015
186.356 14.985
186.614 3.985
186.872 34.985
187.130 41.985
187.387 9.985
187.645 -1.015
187.903 21.985
188.161 8.985
188.419 -5.015
188.677 3.985
188.934 14.985
189.192 13.985
189.450 -7.015
189.708 51.985
189.966 -6.015
190.224 -7.015
190.481 -5.015
190.739 12.985
190.997 -19.015
191.255 -6.015
191.513 23.985
191.771 11.985
192.028 13.985
192.286 28.985
192.544 23.985
192.802 0.985
193.060 18.985
193.317 -13.015
193.575 -62.015
193.833 -27.015
194.091 42.985
194.349 -0.015
194.607 43.985
194.864 27.985
195.122 1.985
195.380 -42.015
195.638 -19.015
195.896 6.985
196.154 36.985
196.411 44.985
196.669 1.985
196.927 30.985
197.185 48.985
197.443 -24.015
197.701 24.985
197.958 -6.015
198.216 13.985
198.474 -8.015
198.732 -26.015
198.990 41.985
199.248 17.985
199.505 -16.015
199.763 31.985
200.021 35.985
200.279 1.985
200.537 -8.015
200.795 -15.015
201.052 -3.015
201.310 -5.015
201.568 -21.015
201.826 -16.015
202.084 31.985
202.342 42.985
202.599 -29.015
202.857 1.985
203.115 15.985
203.373 4.985
203.631 -24.015
203.889 6.985
204.146 0.985
204.404 26.985
204.662 -1.015
204.920 17.985
205.178 32.985
205.436 -8.015
205.693 -6.015
205.951 -5.015
206.209 -20.015
206.467 44.985
206.725 -1.015
206.983 38.985
207.240 34.984
207.498 -21.016
207.756 5.984
208.014 -26.016
208.272 21.984
208.530 4.984
208.787 -53.016
209.045 -29.016
209.303 23.984
209.561 32.984
209.819 -67.016
210.077 10.984
210.334 2.984
210.592 -20.016
210.850 -14.016
211.108 33.984
211.366 24.984
211.624 9.984
211.881 -16.016
212.139 39.984
212.397 8.984
212.655 -6.016
212.913 -17.016
213.170 14.984
213.428 8.984
213.686 -3.016
213.944 -20.016
214.202 13.984
214.460 -14.016
214.717 49.984
214.975 19.984
215.233 -9.016
215.491 -12.016
215.749 7.984
216.007 -25.016
216.264 -0.016
216.522 31.984
216.780 -13.016
217.038 -27.016
217.296 -15.016
217.554 57.984
217.811 -11.016
218.069 -16.016
218.327 -20.016
218.585 -27.016
218.843 0.984
219.101 26.984
219.358 -24.016
219.616 25.984
219.874 8.984
220.132 2.984
220.390 9.984
220.648 -62.016
220.905 -10.016
221.163 -8.016
221.421 22.984
221.679 -6.016
221.937 18.984
222.195 20.984
222.452 1.984
222.710 47.984
222.968 10.984
223.226 -35.016
223.484 25.984
223.742 -22.016
223.999 29.984
224.257 -21.016
224.515 26.984
224.773 -7.016
225.031 -40.016
225.289 -35.016
225.546 14.984
225.804 17.984
226.062 16.984
226.320 -23.016
226.578 2.984
226.836 -40.016
227.093 -19.016
227.351 28.984
227.609 -34.016
227.867 -2.016
228.125 -0.016
228.383 -20.016
228.640 5.984
228.898 20.984
229.156 12.984
229.414 -39.016
229.672 13.984
229.930 16.984
230.187 65.984
230.445 -34.016
230.703 -30.016
230.961 21.984
231.219 -23.016
231.477 24.984
231.734 -29.016
231.992 29.984
232.250 14.984
232.508 -8.016
232.766 18.984
233.024 -23.016
233.281 33.984
233.539 24.984
233.797 -7.016
234.055 23.984
234.313 19.984
234.570 -36.016
234.828 34.984
235.086 12.984
235.344 18.984
235.602 -1.016
235.860 -9.016
236.117 -7.016
236.375 -35.017
236.633 3.983
236.891 -25.017
237.149 4.983
237.407 -20.017
237.664 -29.017
237.922 -33.017
238.180 -2.017
238.438 24.983
238.696 10.983
238.954 35.983
239.211 -5.017
239.469 -55.017
239.727 -30.017
239.985 14.983
240.243 17.983
240.501 17.983
240.758 14.983
241.016 -28.017
241.274 25.983
241.532 10.983
241.790 29.983
242.048 10.983
242.305 -4.017
242.563 -1.017
242.821 1.983
243.079 -26.017
243.337 28.983
243.595 -5.017
243.852 -70.017
244.110 -29.017
244.368 -42.017
244.626 -5.017
244.884 18.983
245.142 20.983
245.399 -31.017
245.657 -1.017
245.915 -12.017
246.173 10.983
246.431 -1.017
246.689 9.983
246.946 37.983
247.204 42.983
247.462 34.983
247.720 6.983
247.978 0.983
248.236 42.983
248.493 -8.017
248.751 -30.017
249.009 -2.017
249.267 38.983
249.525 -13.017
249.783 14.983
250.040 -20.017
250.298 -11.017
250.556 10.983
250.814 -26.017
251.072 27.983
251.330 50.983
251.587 -43.017
251.845 37.983
252.103 12.983
252.361 -15.017
252.619 -16.017
252.877 16.983
253.134 -0.017
253.392 -40.017
253.650 -5.017
253.910 6.983
254.170 -16.017
254.430 -5.017
254.690 38.983
254.950 -11.017
255.209 13.983
255.469 -37.017
255.729 1.983
255.989 19.983
256.249 23.983
256.509 -3.017
256.769 22.983
257.029 42.983
257.289 -52.017
257.549 -2.017
257.809 -17.017
258.069 31.983
258.328 -15.017
258.588 -2.017
258.848 63.983
259.108 24.983
259.368 32.983
259.628 8.983
259.888 -7.017
260.148 -44.017
260.408 -22.017
260.668 -40.017
260.928 21.983
261.187 -25.017
261.447 25.983
261.707 24.983
261.967 3.983
262.227 8.983
262.487 17.983
262.747 33.983
263.007 46.983
263.267 -14.018
263.527 -7.018
263.787 8.982
264.047 14.982
264.306 -18.018
264.566 -26.018
264.826 15.982
265.086 43.982
265.346 0.982
265.606 -3.018
265.866 -11.018
266.126 -41.018
266.386 -22.018
266.646 22.982
266.906 3.982
267.165 30.982
267.425 11.982
267.685 -36.018
267.945 -12.018
268.205 53.982
268.465 -30.018
268.725 2.982
268.985 27.982
269.245 31.982
269.505 12.982
269.765 13.982
270.024 51.982
270.284 -34.018
270.544 7.982
270.804 -12.018
271.064 -5.018
271.324 3.982
271.584 13.982
271.844 -13.018
272.104 4.982
272.364 -34.018
272.624 -28.018
272.884 -23.018
273.143 20.982
273.403 53.982
273.663 13.982
273.923 14.982
274.183 -13.018
274.443 -49.018
274.703 -13.018
274.963 -12.018
275.223 25.982
275.483 0.982
275.743 -40.018
276.002 -16.018
276.262 -29.018
276.522 -27.018
276.782 32.982
277.042 3.982
277.302 8.982
277.562 13.982
277.822 56.982
278.082 27.982
278.342 -4.018
278.602 -41.018
278.862 -15.018
279.121 -32.018
279.381 -16.018
279.641 -7.018
279.901 9.982
280.161 -8.018
280.421 -29.018
280.681 -22.018
280.941 -36.018
281.201 3.982
281.461 -10.018
281.721 21.982
281.980 -25.018
282.240 7.982
282.500 -9.018
282.760 -6.018
283.020 2.982
283.280 11.982
283.540 7.982
283.800 -13.018
284.060 -33.018
284.320 7.982
284.580 -39.018
284.840 29.982
285.099 27.982
285.359 6.982
285.619 -24.018
285.879 24.982
286.139 -1.018
286.399 -11.018
286.659 -0.018
286.919 -10.018
287.179 -37.018
287.439 9.982
287.699 -25.018
287.958 -22.019
288.218 -21.019
288.478 -40.019
288.738 -24.019
288.998 -14.019
289.258 -54.019
289.518 -26.019
289.778 -2.019
290.038 -1.019
290.298 -2.019
290.558 -13.019
290.818 -20.019
291.077 7.981
291.337 6.981
291.597 7.981
291.857 -1.019
292.117 23.981
292.377 -31.019
292.637 -14.019
292.897 0.981
293.157 -6.019
293.417 4.981
293.677 -21.019
293.936 12.981
294.196 -2.019
294.456 -24.019
294.716 9.981
294.976 36.981
295.236 9.981
295.496 32.981
295.756 -15.019
296.016 -26.019
296.276 18.981
296.536 -9.019
296.796 -47.019
297.055 19.981
297.315 45.981
297.575 23.981
297.835 21.981
298.095 36.981
298.355 -33.019
298.615 24.981
298.875 30.981
299.135 -9.019
299.395 0.981
299.655 -5.019
299.914 -9.019
300.174 45.981
300.434 18.981
300.694 -53.019
300.954 -1.019
301.214 5.981
301.474 15.981
301.734 31.981
301.994 11.981
302.254 -32.019
302.514 37.981
302.773 -14.019
303.033 -21.019
303.293 4.981
303.553 35.981
303.813 -29.019
304.073 -38.019
304.333 2.981
304.593 25.981
304.853 25.981
305.113 -6.019
305.373 -39.019
305.633 -48.019
305.892 -0.019
306.152 -11.019
306.412 -19.019
306.672 -58.019
306.932 -13.019
307.192 2.981
307.452 -0.019
307.712 9.981
307.972 13.981
308.232 16.981
308.492 -33.019
308.751 8.981
309.011 37.981
309.271 13.981
309.531 -12.019
309.791 -8.019
310.051 5.981
310.311 19.981
310.571 -17.020
310.831 5.980
311.091 -38.020
311.351 -5.020
311.611 27.980
311.870 -18.020
312.130 22.980
312.390 -31.020
312.650 -13.020
312.910 -1.020
313.170 46.980
313.434 10.980
313.698 16.980
313.963 -32.020
314.227 -39.020
314.491 14.980
314.755 -8.020
315.019 2.980
315.284 14.980
315.548 52.980
315.812 -6.020
316.076 -5.020
316.340 -7.020
316.604 -27.020
316.869 -27.020
317.133 31.980
317.397 9.980
317.661 -21.020
317.925 -9.020
318.190 41.980
318.454 -30.020
318.718 -23.020
318.982 1.980
319.246 -17.020
319.511 -15.020
319.775 -7.020
320.039 34.980
320.303 43.980
320.567 -33.020
320.832 -14.020
321.096 44.980
321.360 -16.020
321.624 -71.020
321.888 -55.020
322.153 7.980
322.417 1.980
322.681 -13.020
322.945 53.980
323.209 0.980
323.473 26.980
323.738 -13.020
324.002 -14.020
324.266 13.980
324.530 14.980
324.794 28.980
325.059 -0.020
325.323 -19.020
325.587 30.980
325.851 2.980
326.115 43.980
326.380 -21.020
326.644 -14.020
326.908 51.980
327.172 3.980
327.436 15.980
327.701 17.980
327.965 14.980
328.229 43.980
328.493 -41.020
328.757 2.980
329.022 20.980
329.286 25.980
329.550 -3.020
329.814 2.980
330.078 9.980
330.342 10.980
330.607 -14.020
330.871 2.980
331.135 11.980
331.399 -24.020
331.663 -19.020
331.928 -21.020
332.192 19.979
332.456 -21.021
332.720 51.979
332.984 -19.021
333.249 9.979
333.513 -8.021
333.777 -10.021
334.041 -15.021
334.305 -46.021
334.570 5.979
334.834 -3.021
335.098 -6.021
335.362 -2.021
335.626 -37.021
335.891 -14.021
336.155 -10.021
336.419 32.979
336.683 -3.021
336.947 12.979
337.211 -30.021
337.476 24.979
337.740 16.979
338.004 32.979
338.268 26.979
338.532 -20.021
338.797 -2.021
339.061 -33.021
339.325 1.979
339.589 -14.021
339.853 -62.021
340.118 0.979
340.382 36.979
340.646 30.979
340.910 -2.021
341.174 5.979
341.439 -8.021
341.703 7.979
341.967 20.979
342.231 -4.021
342.495 -37.021
342.759 -4.021
343.024 -20.021
343.288 -20.021
343.552 -27.021
343.816 44.979
344.080 34.979
344.345 -11.021
344.609 5.979
344.873 28.979
345.137 11.979
345.401 -11.021
345.666 -1.021
345.930 27.979
346.194 54.979
346.458 53.979
346.722 7.979
346.987 -7.021
347.251 12.979
347.515 20.979
347.779 5.979
348.043 46.979
348.308 40.979
348.572 -34.021
348.836 20.979
349.100 10.979
349.364 25.979
349.628 -26.021
349.893 -35.021
350.157 -89.021
350.421 11.979
350.685 -6.021
350.949 12.979
351.214 10.979
351.478 -10.021
351.742 2.979
352.006 10.978
352.270 -17.022
352.535 24.978
352.799 -2.022
353.063 11.978
353.327 62.978
353.591 -28.022
353.856 -5.022
354.120 -10.022
354.384 14.978
354.648 33.978
354.912 -32.022
355.177 -27.022
355.441 6.978
355.705 30.978
355.969 -4.022
356.233 -60.022
356.497 -28.022
356.762 -38.022
357.026 -6.022
357.290 -13.022
357.554 2.978
357.818 7.978
358.083 -4.022
358.347 9.978
358.611 -44.022
358.875 -31.022
359.139 -9.022
359.404 -27.022
359.668 -8.022
359.932 -47.022
360.196 -54.022
360.460 2.978
360.725 83.978
360.989 21.978
361.253 2.978
361.517 -3.022
361.781 29.978
362.046 -25.022
362.310 2.978
362.574 8.978
362.838 -48.022
363.102 -61.022
363.366 34.978
363.631 46.978
363.895 -39.022
364.159 28.978
364.423 21.978
364.687 30.978
364.952 -0.022
365.216 24.978
365.480 -29.022
365.747 33.978
366.013 28.978
366.280 12.978
366.546 14.978
366.813 -32.022
367.079 -36.022
367.346 -61.022
367.612 4.978
367.879 -21.022
368.145 25.978
368.412 23.978
368.678 -20.022
368.945 27.978
369.211 17.978
369.478 24.978
369.744 3.978
370.011 -19.022
370.278 -42.022
370.544 8.977
370.811 -28.023
371.077 10.977
371.344 11.977
371.610 -29.023
371.877 -32.023
372.143 -11.023
372.410 13.977
372.676 -42.023
372.943 19.977
373.209 -28.023
373.476 -43.023
373.742 3.977
374.009 -7.023
374.276 -5.023
374.542 41.977
374.809 20.977
375.075 -33.023
375.342 -16.023
375.608 40.977
375.875 -2.023
376.141 14.977
376.408 34.977
376.674 2.977
376.941 -1.023
377.207 34.977
377.474 -0.023
377.740 30.977
378.007 8.977
378.273 12.977
378.540 6.977
378.807 -28.023
379.073 -17.023
379.340 5.977
379.606 14.977
379.873 -38.023
380.139 -22.023
380.406 2.977
380.672 -30.023
380.939 -27.023
381.205 16.977
381.472 55.977
381.738 -0.023
382.005 14.977
382.271 34.977
382.538 -27.023
382.804 -49.023
383.071 -7.023
383.338 14.977
383.604 -9.023
383.871 2.977
384.137 1.977
384.404 -10.023
384.670 4.977
384.937 -4.023
385.203 10.977
385.470 57.977
385.736 13.977
386.003 -51.023
386.269 40.977
386.536 1.977
386.802 -18.023
387.069 7.977
387.336 1.977
387.602 -37.023
387.869 -30.023
388.135 4.976
388.402 -23.024
388.668 26.976
388.935 -7.024
389.201 -8.024
389.468 66.976
389.734 31.976
390.001 11.976
390.267 7.976
390.534 -33.024
390.800 26.976
391.067 -9.024
391.333 18.976
391.600 18.976
391.867 11.976
392.133 -3.024
392.400 -9.024
392.666 4.976
392.933 -9.024
393.199 21.976
393.466 22.976
393.732 -42.024
393.999 -37.024
394.265 -19.024
394.532 -7.024
394.798 22.976
395.065 23.976
395.331 -13.024
395.598 -14.024
395.864 30.976
396.131 -52.024
396.398 37.976
396.664 19.976
396.931 -19.024
397.197 9.976
397.464 -46.024
397.730 2.976
397.997 -10.024
398.263 -17.024
398.530 -18.024
398.796 8.976
399.063 1.976
399.329 51.976
399.596 -0.024
399.862 -21.024
400.129 8.976
400.396 30.976
400.662 -27.024
400.929 13.976
401.195 6.976
401.462 22.976
401.728 14.976
401.995 -2.024
402.261 32.976
402.528 -59.024
402.794 45.976
403.061 -16.024
403.327 51.976
403.594 5.976
403.860 -22.024
404.127 -0.024
404.393 -9.024
404.660 15.975
404.934 6.975
405.207 24.975
405.481 67.975
405.754 9.975
406.028 -38.025
406.301 -11.025
406.575 33.975
406.848 -25.025
407.122 11.975
407.395 36.975
407.669 65.975
407.942 12.975
408.216 2.975
408.489 -4.025
408.763 22.975
409.036 -13.025
409.310 -33.025
409.583 -58.025
409.857 48.975
410.130 -5.025
410.404 7.975
410.677 -6.025
410.951 -28.025
411.224 -37.025
411.498 -38.025
411.771 -25.025
412.045 5.975
412.318 37.975
412.592 26.975
412.865 24.975
413.139 -25.025
413.412 21.975
413.686 -15.025
413.959 4.975
414.233 -70.025
414.506 -4.025
414.780 -18.025
415.053 16.975
415.327 37.975
415.600 26.975
415.874 -7.025
416.147 -37.025
416.421 -3.025
416.694 -18.025
416.968 -3.025
417.241 -29.025
417.515 28.975
417.788 10.975
418.062 22.975
418.335 3.975
418.609 -18.025
418.882 16.975
419.156 21.975
419.429 19.975
419.703 9.975
419.976 -46.025
420.250 -13.025
420.524 4.975
420.797 -13.026
421.071 -20.026
421.344 -16.026
421.618 55.974
421.891 -28.026
422.165 23.974
422.438 -25.026
422.712 -45.026
422.985 4.974
423.259 -24.026
423.532 11.974
423.806 25.974
424.079 -45.026
424.353 -23.026
424.626 -45.026
424.900 -3.026
425.173 -7.026
425.447 -15.026
425.720 20.974
425.994 25.974
426.267 -10.026
426.541 12.974
426.814 -14.026
427.088 9.974
427.361 29.974
427.635 0.974
427.908 31.974
428.182 39.974
428.455 9.974
428.729 -12.026
429.002 -5.026
429.276 62.974
429.549 22.974
429.823 18.974
430.096 -10.026
430.370 -46.026
430.643 -62.026
430.917 8.974
431.190 25.974
431.464 35.974
431.737 6.974
432.011 4.974
432.284 -8.026
432.558 -9.026
432.831 -14.026
433.105 -12.026
433.378 -4.026
433.652 -31.026
433.925 64.974
434.199 -2.026
434.472 -8.026
434.746 -11.026
435.019 6.974
435.293 13.974
435.566 -5.027
435.840 -1.027
436.118 22.973
436.395 31.973
436.673 34.973
436.951 22.973
437.228 15.973
437.506 -41.027
437.784 5.973
438.061 -14.027
438.339 25.973
438.617 5.973
438.894 13.973
439.172 -19.027
439.450 19.973
439.727 25.973
440.005 0.973
440.283 13.973
440.560 35.973
440.838 17.973
441.115 -31.027
441.393 -1.027
441.671 5.973
441.948 67.973
442.226 5.973
442.504 7.973
442.781 -12.027
443.059 -49.027
443.337 41.973
443.614 19.973
443.892 -31.027
444.170 11.973
444.447 19.973
444.725 -7.027
445.003 -15.027
445.280 -13.027
445.558 38.973
445.836 23.973
446.113 -16.027
446.391 -42.027
446.669 -50.027
446.946 -32.027
447.224 -17.027
447.502 -38.911
447.779 29.853
448.057 -3.012
448.335 13.889
448.612 -8.965
448.890 55.528
449.168 31.687
449.445 -3.000
449.723 8.884
450.001 42.547
450.278 -18.839
450.556 -35.671
450.834 8.884
451.111 -1.017
451.389 -54.483
451.666 -4.978
451.944 -11.920
452.222 -46.608
452.499 12.857
452.777 2.949
453.055 48.632
453.332 -1.022
453.610 20.868
453.888 -34.888
454.165 -33.926
454.443 -3.022
454.721 -7.021
454.998 -5.028
455.276 40.052
455.554 24.068
455.831 -39.224
456.109 33.171
456.387 53.399
456.664 17.126
456.942 -22.273
457.220 -33.429
457.497 -1.043
457.775 15.200
458.053 -21.392
458.330 -1.047
458.608 53.998
458.886 -27.608
459.163 26.556
459.441 -10.264
459.719 -14.373
459.996 13.318
460.274 -12.362
460.552 19.518
460.829 -32.985
461.107 7.187
461.384 4.099
461.662 -15.525
461.940 25.824
462.217 -7.276
462.495 33.131
462.773 22.768
463.050 12.419
463.328 -16.644
463.606 17.624
463.883 -14.583
464.161 -2.109
464.439 36.353
464.716 11.417
464.994 4.133
465.272 11.417
465.549 4.133
465.827 45.756
466.105 44.715
466.382 -27.085
466.660 4.132
466.938 6.214
467.215 8.286
467.493 -32.254
467.771 7.247
468.048 1.008
468.326 -15.590
468.604 -1.067
468.881 50.747
469.159 28.956
469.437 -28.985
469.714 -6.235
469.992 12.354
470.270 -12.401
470.547 29.836
470.825 -0.030
471.102 -20.585
471.380 15.371
471.658 10.227
471.935 5.093
472.213 -7.195
472.491 -0.030
472.768 -39.826
473.046 -48.959
473.324 -4.103
473.601 21.333
473.879 10.133
474.157 -29.471
474.434 -24.371
474.712 39.484
474.990 -16.224
475.267 -21.285
475.545 33.337
475.823 30.273
476.100 -36.357
476.378 -47.457
476.656 -9.102
476.933 20.132
477.211 -20.191
477.489 23.132
477.766 31.189
478.044 -3.048
478.322 10.031
478.599 10.031
478.877 58.320
479.155 13.049
479.432 38.199
479.710 36.187
479.988 -18.139
480.265 -9.084
480.543 43.273
480.820 23.132
481.098 16.083
481.376 -17.167
481.653 -21.199
481.931 18.115
482.209 -12.139
482.486 12.079
482.764 9.061
483.042 6.036
483.319 31.314
483.597 -18.249
483.875 42.480
484.152 -47.650
484.430 -18.268
484.708 42.523
484.985 3.012
485.263 48.700
485.541 88.294
485.818 26.365
486.096 -8.161
486.374 3.018
486.651 -3.080
486.929 45.192
487.207 18.742
487.484 8.568
487.762 27.897
488.040 8.568
488.317 26.906
488.595 21.814
488.873 43.198
489.150 10.611
489.428 -29.104
489.706 16.720
489.983 41.160
490.261 18.756
490.539 33.012
490.816 24.865
491.094 -1.610
491.371 81.807
491.649 26.873
491.927 49.203
492.204 49.203
492.482 69.457
492.760 -16.838
493.037 -11.751
493.315 18.656
493.593 36.893
493.870 53.049
494.148 57.040
494.426 49.961
494.703 36.779
494.981 56.923
495.259 7.470
495.536 6.455
495.814 13.490
496.092 -6.624
496.369 64.667
496.647 22.476
496.925 -10.614
497.202 42.450
497.480 16.407
497.758 19.368
498.035 51.252
498.313 20.324
498.591 36.224
498.868 28.207
499.146 35.123
499.424 48.963
499.701 123.171
499.979 56.722
500.257 49.755
500.534 3.351
500.812 38.781
501.089 23.993
501.367 11.188
501.645 79.804
501.922 16.046
502.200 58.007
502.478 41.324
502.755 41.283
503.033 3.299
503.311 52.710
503.588 44.871
503.866 55.402
504.144 27.356
504.421 39.765
504.699 75.163
504.977 32.882
505.254 26.139
505.532 0.374
505.810 31.682
506.087 10.788
506.365 16.423
506.643 47.450
506.920 59.522
507.198 87.444
507.476 56.387
507.753 9.683
508.031 38.466
508.309 42.066
508.586 63.205
508.864 63.952
509.142 78.481
509.419 78.265
509.697 27.801
509.975 62.396
510.252 15.834
510.530 65.745
510.808 91.917
511.085 86.320
511.363 38.287
511.640 43.628
511.918 27.347
512.196 42.610
512.473 40.774
512.751 96.392
513.029 79.265
513.306 46.081
513.584 21.845
513.862 9.300
514.139 47.873
514.417 41.595
514.695 11.101
514.972 48.813
515.250 21.902
515.528 59.745
515.805 69.708
516.083 79.761
516.361 24.729
516.638 25.678
516.916 64.709
517.194 72.934
517.471 47.612
517.749 22.197
518.027 28.624
518.304 53.356
518.582 55.285
518.860 111.349
519.137 145.427
519.415 180.652
519.693 232.598
519.970 252.418
520.248 340.451
520.526 392.933
520.803 448.903
521.081 596.440
521.358 769.857
521.636 833.828
521.914 946.286
522.191 1054.444
522.469 1134.793
522.747 1271.368
523.024 1400.714
523.302 1605.208
523.580 1746.356
523.857 1871.941
524.135 1910.282
524.413 2156.207
524.690 2290.479
524.968 2413.483
525.246 2645.074
525.523 2570.825
525.801 2784.171
526.079 2922.255
526.356 3059.602
526.634 3281.614
526.912 3397.324
527.189 3517.738
527.467 3552.544
527.745 3667.313
528.022 3863.926
528.300 3997.510
528.578 3940.125
528.855 3982.457
529.133 4080.293
529.411 4047.367
529.688 3974.930
529.966 3993.744
530.244 3868.502
530.521 3853.436
530.799 3803.530
531.077 3644.060
531.354 3598.819
531.632 3498.440
531.909 3336.493
532.187 3184.637
532.465 3060.875
532.742 2937.826
533.020 2722.601
533.298 2539.738
533.575 2474.161
533.853 2288.898
534.131 2166.357
534.408 2031.875
534.686 1976.380
534.964 1781.517
535.241 1621.481
535.519 1484.913
535.797 1328.830
536.074 1275.255
536.352 1080.832
536.630 1011.018
536.907 824.086
537.185 764.230
537.463 668.950
537.740 529.221
538.018 370.299
538.296 361.194
538.573 316.273
538.851 200.526
539.129 172.095
539.406 133.727
539.684 164.522
539.962 41.912
540.239 66.730
540.517 49.930
540.795 63.882
541.072 38.062
541.350 16.215
541.627 36.075
541.905 66.925
542.183 79.847
542.460 58.972
542.738 46.003
543.016 63.878
543.293 74.801
543.571 3.301
543.849 70.757
544.126 17.185
544.404 44.962
544.682 43.970
544.959 28.096
545.237 68.770
545.515 36.032
545.792 70.683
546.070 52.843
546.353 40.950
546.637 63.744
546.920 20.156
547.204 24.123
547.487 15.194
547.770 67.773
548.054 32.090
548.337 99.617
548.621 59.894
548.904 39.079
549.187 16.215
549.471 54.042
549.754 20.210
550.038 0.310
550.321 24.238
550.604 78.153
550.888 49.211
551.171 66.242
551.455 57.308
551.738 2.310
552.021 -3.697
552.305 58.423
552.588 14.349
552.871 5.326
553.155 20.407
553.438 9.360
553.722 41.595
554.005 14.418
554.288 16.450
554.572 -17.877
554.855 33.671
555.139 74.191
555.422 64.134
555.705 109.837
555.989 40.912
556.272 22.661
556.556 33.873
556.839 20.669
557.122 61.402
557.406 39.038
557.689 -28.270
557.973 30.945
558.256 11.548
558.539 43.245
558.823 35.100
559.106 65.873
559.390 2.348
559.673 -32.522
559.956 20.811
560.240 -12.023
560.523 -2.783
560.807 -13.064
561.090 50.656
561.373 5.434
561.657 36.266
561.940 53.737
562.223 35.237
562.507 32.153
562.790 5.431
563.074 20.847
563.357 -5.875
563.640 3.374
563.924 41.358
564.207 65.998
564.491 47.516
564.774 9.518
565.057 -2.790
565.341 63.811
565.624 -2.788
565.908 52.539
566.191 24.849
566.474 56.578
566.758 10.507
567.041 18.687
567.325 40.117
567.608 38.074
567.891 27.830
568.175 57.422
568.458 26.781
568.742 11.490
569.025 5.368
569.308 71.559
569.592 65.382
569.875 31.810
570.159 47.021
570.442 74.384
570.725 -50.490
571.009 -45.368
571.292 4.327
571.576 27.625
571.859 4.317
572.142 50.875
572.426 36.667
572.709 36.629
572.992 16.427
573.276 62.827
573.559 20.425
573.843 8.327
574.126 32.487
574.409 44.527
574.693 97.846
574.976 -3.761
575.260 -3.758
575.543 22.346
575.826 46.395
576.110 15.286
576.393 34.289
576.677 40.295
576.960 9.254
577.249 62.253
577.538 45.207
577.827 15.221
578.115 32.155
578.404 79.013
578.693 36.105
578.982 12.188
579.271 27.113
579.560 46.966
579.848 25.097
580.137 -5.719
580.426 -41.464
580.715 20.105
581.004 26.062
581.293 46.869
581.581 35.956
581.870 59.765
582.159 79.605
582.448 44.882
582.737 0.239
583.026 56.786
583.314 22.063
583.603 -17.620
583.892 81.585
584.181 8.172
584.470 47.902
584.759 31.019
585.048 32.043
585.336 -1.755
585.625 16.153
585.914 49.037
586.203 11.188
586.492 23.163
586.781 44.099
587.069 -1.766
587.358 25.205
587.647 5.224
587.936 19.229
588.225 55.228
588.514 24.252
588.802 12.251
589.091 66.359
589.380 54.389
589.669 20.326
589.958 24.370
590.247 50.578
590.536 31.475
590.824 34.533
591.113 -16.948
591.402 53.867
591.691 61.013
591.980 41.805
592.269 27.633
592.557 49.002
592.846 39.896
593.135 67.430
593.424 45.026
593.713 4.297
594.002 -23.227
594.290 39.973
594.579 71.646
594.868 53.278
595.157 -5.906
595.446 16.542
595.735 56.337
596.023 -1.825
596.312 14.484
596.601 14.469
596.890 15.471
597.179 50.007
597.468 87.519
597.757 63.025
598.045 56.888
598.334 60.812
598.623 -5.849
598.912 40.486
599.201 4.223
599.490 14.244
599.778 -26.853
600.067 55.200
600.356 36.127
600.645 50.995
600.934 22.065
601.223 42.897
601.511 -0.796
601.800 34.847
602.089 13.051
602.378 14.012
602.667 41.611
602.956 69.156
603.244 48.417
603.533 52.302
603.822 43.409
604.111 -11.601
604.400 9.018
604.689 4.110
604.978 7.047
605.266 -6.679
605.555 42.340
605.844 52.092
606.133 39.358
606.422 35.440
606.711 75.596
606.999 19.768
607.288 -50.752
607.577 8.992
607.866 19.765
608.155 -14.515
608.444 78.530
608.732 101.056
609.021 24.660
609.310 16.824
609.599 16.823
609.888 37.390
610.177 44.245
610.466 58.936
610.754 46.203
611.043 55.996
611.332 39.345
611.621 12.900
611.910 52.077
612.199 47.179
612.487 10.939
612.776 -2.774
613.065 44.238
613.354 -10.611
613.643 -0.817
613.932 82.434
614.220 34.441
614.509 -20.388
614.798 55.932
615.087 15.814
615.376 26.576
615.665 16.791
615.953 54.951
616.242 21.682
616.531 5.047
616.820 1.132
617.109 37.335
617.398 49.124
617.687 62.774
617.975 71.580
618.264 11.892
618.553 -2.786
618.842 11.890
619.131 24.610
619.420 23.631
619.708 27.544
619.997 62.768
620.286 51.026
620.575 47.111
620.864 56.839
621.153 74.434
621.441 29.467
621.730 39.242
622.019 31.390
622.308 18.694
622.597 61.662
622.886 41.113
623.174 -13.522
623.463 6.965
623.752 60.564
624.041 35.222
624.330 38.145
624.619 24.499
624.908 -17.395
625.196 44.922
625.485 66.343
625.774 48.815
626.063 36.121
626.352 8.883
626.641 10.828
626.929 8.873
627.218 52.553
627.507 53.523
627.796 0.124
628.085 61.169
628.374 54.280
628.662 7.850
628.951 24.228
629.240 39.542
629.529 13.554
629.818 2.988
630.107 20.154
630.396 37.187
630.684 50.350
630.973 75.655
631.262 -3.652
631.551 22.603
631.840 84.064
632.129 17.765
632.417 5.656
632.706 56.326
632.995 5.608
633.284 -29.121
633.573 4.647
633.862 7.346
634.150 38.873
634.439 66.585
634.728 62.765
635.017 17.045
635.306 25.872
635.595 -3.453
635.883 38.112
636.172 62.702
636.461 36.182
636.750 4.483
637.039 48.377
637.328 53.597
637.617 5.351
637.905 -7.808
638.194 51.840
638.483 18.522
638.772 20.295
639.061 36.176
639.350 10.665
639.638 1.850
639.927 -16.732
640.216 41.785
640.505 22.323
640.794 43.792
641.083 32.280
641.371 -7.095
641.660 -2.619
641.949 63.198
642.238 42.573
642.527 7.337
642.816 6.446
643.104 -0.836
643.393 -23.712
643.682 12.002
643.971 3.758
644.260 -1.773
644.549 42.626
644.838 44.599
645.126 40.072
645.415 26.191
645.704 50.585
645.993 70.361
646.282 16.047
646.571 -14.056
646.859 -33.926
647.148 -38.722
647.437 20.940
647.726 48.545
648.015 28.637
648.304 14.391
648.592 5.806
648.881 14.445
649.170 25.999
649.459 19.311
649.748 0.061
650.037 26.172
650.326 55.292
650.614 46.661
650.903 17.568
651.192 9.804
651.481 6.892
651.770 22.539
652.059 43.150
652.347 49.122
652.636 54.081
652.925 23.675
653.214 72.958
653.503 65.204
653.792 44.516
654.080 12.908
654.369 34.702
654.658 55.548
654.947 3.023
655.236 8.983
655.525 50.741
655.813 39.845
656.102 14.983
656.391 25.964
656.680 18.005
656.969 61.979
657.258 23.017
657.547 31.039
657.835 47.085
658.124 17.054
658.413 0.036
658.702 27.089
658.991 -20.026
659.280 32.129
659.568 33.165
659.857 20.112
660.146 68.303
660.435 1.035
660.724 -0.976
661.013 -35.148
661.301 39.223
661.590 51.334
661.879 5.055
662.168 55.356
662.457 63.403
662.746 123.764
663.034 30.202
663.323 -7.022
663.612 3.037
663.901 -16.079
664.190 -1.995
664.479 6.052
664.768 43.275
665.056 -15.076
665.345 -3.005
665.634 26.169
665.923 25.137
666.212 27.146
666.501 -3.006
666.789 28.121
667.078 56.232
667.367 58.239
667.656 2.011
667.945 -13.035
668.234 50.154
668.522 32.067
668.811 40.082
669.100 47.095
669.389 -1.001
669.678 10.009
669.967 31.998
670.256 42.997
670.544 35.960
670.833 44.950
671.122 52.888
671.411 30.931
671.700 24.917
671.989 51.783
672.277 31.862
672.566 26.854
672.855 29.809
673.144 51.677
673.433 6.937
673.722 58.575
674.010 23.793
674.299 -6.962
674.588 2.955
674.877 9.892
675.166 7.901
675.455 40.533
675.743 40.532
676.032 21.716
676.321 19.739
676.610 29.590
676.899 12.807
677.188 34.490
677.477 37.447
677.765 -3.974
678.054 45.290
678.343 61.053
678.632 48.196
678.921 24.573
679.210 45.197
679.498 5.865
679.787 58.961
680.076 46.132
680.365 6.838
680.654 7.819
680.943 -41.257
681.231 48.045
681.520 47.017
681.809 79.369
682.098 52.897
682.387 34.268
682.676 43.049
682.964 60.677
683.253 28.355
683.542 17.580
683.831 61.654
684.120 -11.793
684.409 -7.880
684.698 -16.688
684.986 23.452
685.275 23.451
685.564 -28.460
685.853 48.914
686.142 40.098
686.431 -3.978
686.719 -2.020
687.008 -16.712
687.297 66.538
687.586 -1.043
687.875 46.948
688.164 8.749
688.452 18.542
688.741 25.397
689.030 -0.069
689.319 2.865
689.608 34.175
689.897 -7.900
690.186 42.979
690.474 15.581
690.763 41.999
691.052 48.847
691.341 32.243
691.630 -7.914
691.919 -5.957
692.207 30.281
692.496 41.054
692.785 45.995
693.074 90.112
693.363 33.248
693.652 26.410
693.940 21.502
694.229 93.140
694.518 6.786
694.807 -7.950
695.096 10.724
695.385 26.455
695.673 0.890
695.962 -18.797
696.251 21.557
696.540 -11.921
696.835 62.031
697.130 -17.852
697.425 51.181
697.720 29.512
698.015 66.036
698.310 22.622
698.605 39.419
698.900 12.738
699.195 -2.087
699.490 47.368
699.785 6.820
700.080 -8.033
700.375 -22.908
700.670 15.743
700.965 19.725
701.260 8.812
701.555 -12.035
701.850 -2.105
702.145 9.810
702.440 23.735
702.735 37.650
703.030 59.577
703.324 56.591
703.619 30.750
703.914 21.785
704.209 39.712
704.504 32.738
704.799 15.821
705.094 7.843
705.389 -6.116
705.684 13.823
705.979 10.831
706.274 62.737
706.569 10.839
706.864 12.847
707.159 61.797
707.454 46.811
707.749 9.856
708.044 6.855
708.339 29.854
708.634 -18.147
708.929 23.875
709.224 27.906
709.519 -2.155
709.814 18.905
710.109 15.894
710.404 41.009
710.699 16.912
710.994 34.013
711.289 9.891
711.584 -11.227
711.879 -26.319
712.174 19.958
712.469 15.948
712.764 -10.236
713.059 14.939
713.354 44.187
713.649 54.266
713.944 5.878
714.239 65.352
714.534 20.996
714.829 15.955
715.124 28.050
715.419 18.976
715.714 12.927
716.009 49.216
716.304 21.010
716.598 9.909
716.893 30.119
717.188 39.209
717.483 14.981
717.778 -8.285
718.073 35.272
718.368 33.244
718.663 65.731
718.958 -18.468
719.253 32.325
719.548 -16.473
719.843 54.792
720.138 -0.199
720.433 40.574
720.728 16.124
721.023 3.882
721.318 -28.806
721.613 23.311
721.908 33.534
722.203 -20.680
722.498 25.378
722.793 -7.385
723.088 -38.124
723.383 -2.264
723.678 43.886
723.973 30.551
724.268 55.165
724.563 62.344
724.858 32.599
725.153 3.879
725.448 -37.148
725.743 49.979
726.038 32.560
726.333 3.870
726.628 0.794
726.923 20.240
727.218 46.803
727.513 54.981
727.808 32.452
728.103 18.132
728.398 -21.643
728.693 -3.296
728.988 8.926
729.283 50.624
729.578 22.116
729.873 50.570
730.167 47.472
730.462 39.309
730.757 42.307
731.052 61.494
731.347 21.006
731.642 39.184
731.937 32.072
732.232 7.828
732.527 -31.535
732.822 -10.335
733.117 0.751
733.412 47.074
733.707 27.911
734.002 -32.420
734.297 0.744
734.592 -21.325
734.887 -15.293
735.182 13.764
735.477 40.776
735.772 23.734
736.067 41.691
736.362 41.648
736.657 4.720
736.952 33.627
737.247 6.700
737.542 26.619
737.837 20.621
738.132 46.490
738.427 15.627
738.722 24.572
739.017 37.456
739.312 -18.156
739.607 49.321
739.902 -34.014
740.197 9.626
740.492 52.241
740.787 0.703
741.082 45.256
741.377 50.155
741.672 -0.291
741.967 -14.126
742.262 -36.819
742.557 29.291
742.852 18.441
743.147 8.570
743.442 -33.796
743.736 -8.182
744.031 36.116
744.326 -6.208
744.621 1.664
744.916 6.578
745.211 -2.273
745.506 -0.308
745.801 -14.076
746.096 -23.886
746.391 23.263
746.686 6.563
746.981 14.406
747.276 8.516
747.571 38.936
747.866 19.289
748.161 8.503
748.456 33.992
748.751 16.327
749.046 31.997
749.341 25.139
749.636 19.242
749.931 58.380
750.226 24.132
750.521 9.453
750.816 -3.268
751.111 18.257
751.406 -8.164
751.701 23.146
751.996 -6.210
752.291 26.078
752.586 25.099
752.881 38.796
753.176 62.278
753.471 25.094
753.766 0.631
754.061 -21.897
754.356 -27.775
754.651 7.483
754.946 21.193
755.241 48.616
755.536 30.005
755.831 37.839
756.126 -6.231
756.421 14.316
756.716 12.357
757.010 24.097
757.305 5.505
757.600 6.482
757.895 -53.207
758.190 41.663
758.485 26.047
758.780 14.303
759.075 46.592
759.370 29.956
759.665 36.804
759.960 -43.475
760.255 24.104
760.550 -7.239
760.845 93.732
761.140 70.201
761.435 -0.389
761.730 10.415
762.025 -23.968
762.320 19.271
762.615 11.403
762.910 15.335
763.205 -15.163
763.500 17.315
763.802 29.154
764.104 0.581
764.406 50.825
764.708 43.970
765.010 3.535
765.312 -7.315
765.615 10.445
765.917 26.238
766.219 -8.322
766.521 30.214
766.823 -10.302
767.125 23.316
767.427 -2.402
767.729 7.495
768.031 57.988
768.333 31.254
768.635 -0.432
768.937 2.540
769.239 43.173
769.542 24.365
769.844 26.347
770.146 37.258
770.448 32.328
770.750 14.452
771.052 4.524
771.354 6.510
771.656 16.465
771.958 24.424
772.260 29.427
772.562 23.472
772.864 14.512
773.166 -18.424
773.468 48.489
773.771 50.536
774.073 2.537
774.375 23.579
774.677 -37.545
774.979 21.594
775.281 31.654
775.583 62.840
775.885 27.662
776.187 4.549
776.489 -17.603
776.791 13.627
777.093 -41.860
777.395 11.631
777.698 29.841
778.000 -7.580
778.302 19.767
778.604 -28.897
778.906 -10.654
779.208 21.854
779.510 52.393
779.812 2.547
780.114 11.722
780.416 -8.685
780.718 35.271
781.020 1.529
781.322 36.365
781.625 25.118
781.927 15.885
782.229 34.380
782.531 11.803
782.833 44.735
783.135 14.914
783.437 -7.753
783.739 29.388
784.041 49.045
784.343 86.322
784.645 31.544
784.947 35.720
785.249 51.316
785.552 -18.207
785.854 32.707
786.156 21.293
786.458 43.188
786.760 27.590
787.062 41.187
787.364 26.599
787.666 38.131
787.968 -4.763
788.270 -1.625
788.572 35.097
788.874 21.499
789.176 0.468
789.478 32.078
789.781 -4.805
790.083 20.505
790.385 4.685
790.687 45.914
790.989 29.029
791.291 -10.137
791.593 22.724
791.895 -32.421
792.197 -0.610
792.499 -2.735
792.801 13.200
793.103 84.399
793.405 24.912
793.708 44.059
794.010 33.454
794.312 49.479
794.614 3.639
794.916 -1.699
795.218 6.844
795.520 21.822
795.822 -0.640
796.124 -26.366
796.426 47.637
796.728 60.576
797.030 64.940
797.332 28.379
797.635 41.324
797.937 5.806
798.239 13.362
798.541 51.171
798.843 50.089
799.145 -19.048
799.447 23.137
799.749 32.875
800.051 24.215
800.353 11.238
800.655 4.735
800.957 -25.631
801.259 43.781
801.562 17.749
801.864 68.723
802.166 25.364
802.468 48.163
802.770 19.931
803.072 0.385
803.374 7.983
803.676 49.294
803.978 -35.491
804.280 -8.320
804.582 75.456
804.884 41.721
805.186 98.409
805.488 67.906
805.791 49.439
806.093 46.216
806.395 9.106
806.697 15.678
806.999 53.969
807.301 -20.454
807.603 -5.122
807.905 -14.999
808.207 21.206
808.509 1.446
808.811 31.081
809.113 13.530
809.415 19.023
809.718 12.427
810.020 25.640
810.322 -18.367
810.624 5.839
810.926 -13.987
811.228 31.199
811.530 24.582
811.834 16.880
812.137 16.897
812.441 11.369
812.744 -26.231
813.048 -17.403
813.351 14.726
813.655 54.695
813.958 50.253
814.262 98.085
814.565 105.978
814.869 126.138
815.172 59.320
815.476 38.202
815.779 -11.981
816.083 13.686
816.386 17.051
816.690 2.526
816.993 26.043
817.297 20.464
817.600 36.198
817.904 31.741
818.208 34.024
818.511 -35.720
818.815 -16.618
819.118 -40.315
819.422 18.328
819.725 89.432
820.029 -21.180
820.332 74.754
820.636 28.476
820.939 -5.381
821.243 -47.097
821.546 30.656
821.850 45.192
822.153 -13.223
822.457 46.206
822.760 41.626
823.064 19.209
823.367 -10.903
823.671 0.229
823.974 11.301
824.278 -27.371
824.582 -25.083
824.885 64.909
825.189 51.579
825.492 45.962
825.796 55.581
826.099 -33.346
826.403 67.011
826.706 12.012
827.010 -29.753
827.313 2.320
827.617 12.926
827.920 14.983
828.224 44.391
828.527 25.335
828.831 10.613
829.134 13.685
829.438 5.344
829.741 25.938
830.045 51.496
830.348 -19.269
830.652 -1.881
830.956 1.165
831.259 34.458
831.563 46.377
831.866 24.167
832.170 -27.749
832.473 3.113
832.777 20.864
833.080 51.262
833.384 6.977
833.687 20.573
833.991 -1.816
834.294 42.549
834.598 5.874
834.901 -6.573
835.205 44.744
835.508 31.298
835.812 61.252
836.115 72.199
836.419 27.126
836.722 -5.470
837.026 24.123
837.330 54.418
837.633 88.161
837.937 11.064
838.240 16.521
838.544 39.278
838.847 66.563
839.151 10.085
839.454 12.812
839.758 13.720
840.061 -9.039
840.365 26.502
840.668 37.507
840.972 46.723
841.275 0.976
841.579 42.337
841.882 38.765
842.186 12.068
842.489 26.928
842.793 18.636
843.097 1.910
843.400 35.558
843.704 11.299
844.007 -17.818
844.311 4.750
844.614 1.925
844.918 31.282
845.221 -4.714
845.525 28.545
845.828 7.644
846.132 56.320
846.435 74.518
846.739 -17.191
847.042 13.399
847.346 -5.729
847.649 14.364
847.953 1.921
848.256 -1.909
848.560 -8.610
848.863 23.923
849.167 80.303
849.471 -5.742
849.774 45.881
850.078 16.226
850.381 0.941
850.685 22.863
850.988 5.696
851.292 35.150
851.595 0.926
851.899 17.035
852.202 46.329
852.506 14.146
852.809 32.011
853.113 40.415
853.416 4.656
853.720 28.985
854.023 -16.851
854.327 29.749
854.630 12.950
854.934 25.874
855.237 16.582
855.541 28.515
855.845 31.191
856.148 -8.311
856.452 41.984
856.755 52.805
857.059 1.750
857.362 29.874
857.666 30.696
857.969 15.281
858.273 8.939
858.576 26.922
858.880 12.495
859.183 -9.054
859.487 17.817
859.790 33.868
860.094 29.345
860.397 -17.030
860.701 17.696
861.004 68.344
861.308 25.629
861.611 61.065
861.915 43.293
862.219 -32.854
862.522 28.156
862.826 26.363
863.129 -32.746
863.433 10.452
863.736 57.976
864.040 65.015
864.343 63.252
864.647 48.285
864.950 3.388
865.254 29.794
865.557 -12.474
865.861 6.026
866.164 -53.054
866.468 -0.147
866.771 29.002
867.075 -16.952
867.378 6.039
867.682 35.303
867.985 23.796
868.289 14.947
868.593 20.295
868.896 8.742
869.200 17.668
869.503 5.186
869.807 50.896
870.110 50.984
870.414 23.216
870.717 17.845
871.021 49.492
871.324 21.544
871.628 -4.740
871.931 17.996
872.235 5.269
872.538 -6.613
872.842 11.714
873.145 -14.949
873.449 7.167
873.752 -21.520
874.056 -38.331
874.359 -17.006
874.663 14.719
874.967 -21.794
875.270 -4.001
875.574 4.467
875.877 19.600
876.181 22.496
876.484 16.854
876.788 -29.812
877.091 -3.132
877.395 17.948
877.698 20.862
878.002 -21.470
878.305 3.582
878.609 48.119
878.912 49.179
879.216 43.441
879.519 31.869
879.823 20.209
880.126 -0.302
880.430 24.180
880.733 -6.198
881.037 39.961
881.341 12.465
881.644 47.955
881.948 7.565
882.251 2.633
882.555 52.091
882.858 31.347
883.162 41.327
883.465 18.524
883.769 9.593
884.072 19.549
884.376 -1.352
884.679 0.640
884.983 21.637
885.286 8.633
885.590 -18.370
885.893 -17.374
886.197 -21.377
886.500 14.619
886.804 40.616
887.107 39.612
887.411 80.609
887.715 36.605
888.018 48.602
888.322 36.598
888.625 25.595
888.929 22.591
889.232 23.588
889.536 -15.416
889.839 -6.419
890.143 5.577
890.446 4.574
890.750 10.570
891.053 2.567
891.357 4.563
891.660 24.559
891.964 40.556
892.267 16.552
892.571 4.549
892.874 2.545
893.178 14.541
893.482 29.538
893.785 41.534
894.089 58.530
894.392 27.527
894.696 -41.477
894.999 -58.481
895.303 -13.484
895.606 -13.488
895.910 40.508
896.213 6.505
896.517 27.501
896.820 33.497
897.124 11.493
897.427 4.490
897.731 0.486
898.034 32.482
898.338 27.478
898.641 -51.525
898.945 -28.529
899.248 13.467
899.552 -1.537
899.856 55.460
900.159 37.456
900.463 -22.548
900.766 29.448
901.070 39.444
901.373 -2.560
901.677 45.437
901.980 8.433
902.284 74.429
902.587 70.425
902.891 47.421
903.194 32.417
903.498 18.413
903.801 18.409
904.105 22.406
904.408 11.402
904.712 42.398
905.015 63.394
905.319 23.390
905.622 -6.614
905.926 36.382
906.230 30.378
906.533 6.374
906.837 15.370
907.140 -0.634
907.444 30.362
907.747 11.358
908.051 -2.646
908.354 5.350
908.658 34.346
908.961 79.342
909.265 33.338
909.568 -6.666
909.872 24.329
910.175 15.325
910.479 -1.679
910.782 17.317
911.086 60.313
911.389 55.309
911.693 82.305
911.996 55.301
912.300 -9.703
912.609 24.292
912.918 -11.712
913.227 1.284
913.537 61.280
913.846 50.276
914.155 31.271
914.464 4.267
914.773 73.263
915.082 2.259
915.391 14.255
915.700 54.250
916.010 15.246
916.319 40.242
916.628 50.237
916.937 20.233
917.246 26.229
917.555 47.225
917.864 11.220
918.174 14.216
918.483 -32.788
918.792 26.207
919.101 48.203
919.410 13.199
919.719 18.194
920.028 10.190
920.337 41.185
920.647 47.181
920.956 -16.823
921.265 40.172
921.574 -29.832
921.883 -37.837
922.192 -37.841
922.501 29.154
922.811 40.150
923.120 11.145
923.429 -22.859
923.738 2.136
924.047 24.132
924.356 6.127
924.665 23.123
924.974 -15.882
925.284 1.114
925.593 63.109
925.902 35.105
926.211 59.100
926.520 69.095
926.829 7.091
927.138 38.086
927.448 23.082
927.757 -30.923
928.066 20.072
928.375 26.068
928.684 55.063
928.993 7.058
929.302 -20.946
929.611 0.049
929.921 11.044
930.230 14.039
930.539 -10.965
930.848 73.030
931.157 -2.975
931.466 -41.980
931.775 9.016
932.085 -6.989
932.394 33.006
932.703 -1.999
933.012 9.996
933.321 -12.008
933.630 21.987
933.939 44.982
934.248 23.977
934.558 29.972
934.867 45.967
935.176 21.962
935.485 31.958
935.794 16.953
936.103 33.948
936.412 11.943
936.721 11.938
937.031 42.933
937.340 37.928
937.649 77.923
937.958 29.918
938.267 55.913
938.576 10.908
938.885 26.903
939.195 3.898
939.504 10.893
939.813 9.888
940.122 64.883
940.431 25.878
940.740 5.872
941.049 11.867
941.359 38.862
941.668 13.857
941.977 -21.148
942.286 0.847
942.595 40.842
942.904 -14.164
943.213 -17.169
943.522 41.826
943.832 44.821
944.141 2.816
944.450 45.810
944.759 19.805
945.068 30.800
945.377 49.795
945.686 44.789
945.995 17.784
946.305 -22.221
946.614 41.773
946.923 22.768
947.232 11.763
947.541 37.757
947.850 29.752
948.159 25.747
948.469 26.741
948.778 -13.264
949.087 1.730
949.396 53.725
949.705 61.719
950.014 63.714
950.323 11.709
950.632 -42.297
950.942 11.698
951.251 18.692
951.560 28.686
951.869 37.681
952.178 39.675
952.487 16.670
952.796 62.664
953.106 47.659
953.415 50.653
953.724 27.647
954.033 56.642
954.342 3.636
954.651 18.631
954.960 -27.375
955.269 12.619
955.579 59.613
955.888 58.608
956.197 48.602
956.506 40.596
956.815 33.591
957.124 16.585
957.433 2.579
957.743 18.573
958.052 27.567
958.361 -4.438
958.670 0.556
958.979 65.550
959.288 17.544
959.597 26.538
959.906 -18.468
960.216 14.526
960.525 19.520
960.834 -35.485
961.143 -26.491
961.452 57.503
961.761 32.497
962.070 -18.509
962.380 17.485
962.689 25.479
962.998 12.473
963.307 22.467
963.616 9.461
963.925 -14.545
964.234 -42.552
964.543 5.442
964.853 65.436
965.162 66.430
965.471 32.424
965.780 30.418
966.092 1.412
966.404 50.405
966.716 57.399
967.028 11.393
967.340 -2.613
967.652 -7.619
967.964 65.374
968.276 48.368
968.588 20.362
968.900 49.355
969.212 50.349
969.524 41.343
969.836 -16.664
970.148 -9.670
970.460 -30.676
970.772 -20.683
971.084 11.311
971.396 89.304
971.708 1.298
972.020 9.291
972.332 -4.715
972.644 22.279
972.956 -52.728
973.268 -13.735
973.580 0.259
973.892 16.252
974.204 78.246
974.516 36.239
974.828 9.233
975.140 15.226
975.452 -19.781
975.764 4.213
976.076 10.206
976.388 39.199
976.700 58.193
977.012 25.186
977.324 6.179
977.636 -29.827
977.948 -21.834
978.260 -40.841
978.572 38.152
978.884 -30.855
979.196 -28.861
979.508 -34.868
979.820 8.125
980.132 3.118
980.444 13.111
980.756 54.104
981.068 -7.903
981.380 -27.910
981.692 39.083
982.004 14.076
982.316 6.069
982.628 3.062
982.940 44.055
983.252 41.048
983.564 61.041
983.876 -0.966
984.188 45.027
984.500 57.020
984.812 1.013
985.124 7.006
985.436 -6.002
985.748 12.991
986.060 11.984
986.372 7.977
986.684 1.970
986.996 12.962
987.308 -17.045
987.620 -16.052
987.932 -5.060
988.244 -16.067
988.556 43.926
988.868 16.918
989.180 46.911
989.492 55.904
989.804 27.896
990.116 51.889
990.428 -13.119
990.740 29.874
991.052 40.866
991.364 36.859
991.676 60.851
991.988 61.844
992.300 -9.164
992.612 24.829
992.924 37.821
993.236 5.813
993.548 -42.194
993.860 -9.202
994.172 7.790
994.484 13.783
994.796 46.775
995.108 8.767
995.420 40.759
995.732 20.752
996.044 19.744
996.356 -0.264
996.668 -7.272
996.980 -28.280
997.292 9.712
997.604 -42.295
997.916 15.697
998.228 -3.311
998.540 26.681
998.852 54.673
999.164 52.665
999.476 22.657
999.788 31.649
1000.100 21.641
1000.412 -19.367
1000.724 12.624
1001.036 59.616
1001.348 -4.392
1001.660 31.600
1001.972 18.592
1002.284 12.584
1002.596 54.575
1002.908 47.567
1003.220 16.559
1003.532 6.551
1003.844 42.542
1004.156 37.534
1004.468 21.526
1004.780 88.517
1005.092 82.509
1005.404 44.501
1005.716 9.492
1006.028 -15.516
1006.340 -3.525
1006.652 -19.533
1006.964 20.458
1007.276 16.450
1007.588 11.441
1007.900 14.433
1008.212 40.424
1008.524 45.415
1008.836 -9.593
1009.148 16.398
1009.460 -23.611
1009.772 -29.619
1010.084 25.372
1010.396 34.363
1010.708 29.354
1011.020 5.346
1011.332 -8.663
1011.644 -9.672
1011.956 7.319
1012.268 32.310
1012.580 39.301
1012.892 1.292
1013.204 16.283
1013.516 18.274
1013.828 -2.735
1014.140 8.256
1014.452 2.247
1014.764 -15.762
1015.076 26.229
1015.388 37.220
1015.700 46.211
1016.012 4.202
1016.324 63.193
1016.636 22.183
1016.948 18.174
1017.260 -23.835
1017.572 -47.844
1017.884 1.146
1018.196 16.137
1018.508 32.128
1018.820 -28.882
1019.132 33.109
1019.444 52.099
1019.756 -45.910
1020.068 16.081
1020.380 45.071
1020.692 16.061
1021.004 -10.948
1021.316 24.042
1021.628 -24.967
1021.940 13.023
1022.252 63.014
1022.564 14.004
1022.876 78.994
1023.188 67.984
1023.500 13.975
1023.812 26.965
1024.124 7.955
1024.436 13.945
1024.748 33.936
1025.060 41.926
1025.372 18.916
1025.684 4.906
1025.996 41.896
1026.308 48.886
1026.620 7.876
1026.932 35.866
1027.244 2.856
1027.556 25.846
1027.868 -6.164
1028.180 35.826
1028.492 57.815
1028.804 48.805
1029.116 -4.205
1029.428 31.785
1029.740 8.775
1030.052 -22.236
1030.364 -9.246
1030.676 14.744
1030.988 50.733
1031.300 27.723
1031.612 47.713
1031.924 41.702
1032.236 66.692
1032.548 50.681
1032.860 3.671
1033.172 -11.340
1033.484 43.649
1033.796 -4.361
1034.108 27.628
1034.420 52.618
1034.732 38.607
1035.044 26.596
1035.356 53.585
1035.668 50.575
1035.980 -20.436
1036.292 33.553
1036.604 -9.458
1036.916 -9.469
1037.228 0.520
1037.540 22.509
1037.852 58.499
1038.164 1.488
1038.476 11.476
1038.788 31.465
1039.100 9.454
1039.412 1.443
1039.724 4.432
1040.036 -18.579
1040.348 45.410
1040.660 51.399
1040.972 17.387
1041.284 22.376
1041.596 20.365
1041.908 -6.647
1042.220 3.342
1042.532 -26.669
1042.844 11.319
1043.156 1.308
1043.468 29.296
1043.780 23.285
1044.092 26.273
1044.404 35.262
1044.716 -12.750
1045.028 22.238
1045.340 31.227
1045.652 48.215
1045.964 44.203
1046.276 9.191
1046.588 25.180
1046.900 25.168
1047.212 19.156
1047.524 21.144
1047.836 37.132
1048.148 35.120
1048.460 7.108
1048.772 26.096
1049.084 -1.916
1049.396 1.072
1049.708 3.060
1050.020 -29.952
1050.332 26.036
1050.644 50.024
1050.956 24.011
1051.268 26.999
1051.580 -10.013
1051.892 34.974
1052.204 48.962
1052.516 34.950
1052.828 72.937
1053.140 17.925
1053.452 -20.088
1053.764 53.900
1054.076 37.887
1054.388 -14.125
1054.700 -5.138
1055.012 -8.150
1055.324 53.837
1055.636 -1.176
1055.948 9.811
1056.260 31.799
1056.572 33.786
1056.884 28.773
1057.196 45.760
1057.508 3.747
1057.820 -8.266
1058.132 10.721
1058.444 26.708
1058.756 43.695
1059.068 58.682
1059.380 60.669
1059.692 24.656
1060.004 -43.357
1060.316 3.629
1060.628 32.616
1060.940 31.603
1061.252 -30.410
1061.564 7.576
1061.876 28.563
1062.188 80.549
1062.500 34.536
1062.812 -16.478
1063.124 29.509
1063.436 51.495
1063.748 14.482
1064.060 28.468
1064.372 46.454
1064.684 42.441
1064.996 63.427
1065.308 50.413
1065.620 89.399
1065.932 38.386
1066.244 -1.628
1066.556 22.358
1066.868 9.344
1067.180 3.330
1067.492 54.316
1067.804 22.302
1068.116 26.288
1068.428 33.274
1068.740 -10.741
1069.052 -24.755
1069.364 -10.769
1069.676 9.217
1069.988 57.202
1070.300 -36.812
1070.612 13.174
1070.924 50.159
1071.236 8.145
1071.548 15.130
1071.860 33.116
1072.172 27.101
1072.484 27.086
1072.796 73.072
1073.108 7.057
1073.420 9.042
1073.732 41.028
1074.044 81.013
1074.356 16.998
1074.668 -4.017
1074.980 11.968
1075.292 38.953
1075.604 -6.062
1075.916 -3.077
1076.228 25.908
1076.540 -9.107
1076.852 -23.122
1077.164 32.863
1077.476 22.847
1077.788 -9.168
1078.100 24.817
1078.412 -7.199
1078.724 13.786
1079.036 -5.229
1079.348 10.755
1079.660 12.740
1079.972 41.724
1080.284 32.709
1080.596 29.693
1080.908 47.677
1081.220 24.662
1081.532 -6.354
1081.844 11.630
1082.156 21.614
1082.468 -26.402
1082.780 -1.418
1083.092 9.567
1083.404 36.551
1083.716 12.535
1084.028 5.518
1084.340 30.502
1084.652 39.486
1084.964 44.470
1085.276 8.454
1085.588 -6.562
1085.900 6.421
1086.212 30.405
1086.524 61.388
1086.836 19.372
1087.148 3.356
1087.460 26.339
1087.772 41.323
1088.084 -20.694
1088.396 4.289
1088.708 85.273
1089.020 -8.744
1089.332 -20.761
1089.644 -8.778
1089.956 30.205
1090.268 -9.811
1090.580 16.172
1090.892 3.155
1091.204 -0.862
1091.516 11.121
1091.828 -29.897
1092.140 54.086
1092.465 14.069
1092.790 18.052
1093.114 -2.965
1093.439 9.017
1093.764 36.000
1094.089 58.983
1094.414 -12.035
1094.739 12.948
1095.063 20.930
1095.388 48.913
1095.713 51.895
1096.038 4.877
1096.363 31.860
1096.688 25.842
1097.012 45.824
1097.337 9.806
1097.662 15.788
1097.987 -8.230
1098.312 48.752
1098.637 29.734
1098.961 3.716
1099.286 53.698
1099.611 -19.320
1099.936 -8.338
1100.261 -26.356
1100.586 -56.375
1100.910 4.607
1101.235 41.589
1101.560 43.570
1101.885 16.552
1102.210 7.533
1102.535 33.515
1102.859 11.496
1103.184 10.478
1103.509 -15.541
1103.834 14.440
1104.159 34.422
1104.484 51.403
1104.808 37.384
1105.133 26.365
1105.458 34.346
1105.783 27.327
1106.108 -1.692
1106.432 1.289
1106.757 19.270
1107.082 -9.749
1107.407 20.231
1107.732 14.212
1108.057 27.193
1108.381 31.174
1108.706 -12.846
1109.031 3.135
1109.356 -17.885
1109.681 10.096
1110.006 33.076
1110.330 6.057
1110.655 35.037
1110.980 26.017
1111.305 34.997
1111.630 31.978
1111.955 19.958
1112.279 -28.062
1112.604 26.918
1112.929 -24.102
1113.254 -48.122
1113.579 -35.142
1113.904 -0.162
1114.228 2.818
1114.553 22.797
1114.878 3.777
1115.203 1.757
1115.528 -3.264
1115.853 -0.284
1116.177 32.696
1116.502 18.675
1116.827 -2.345
1117.152 38.634
1117.477 65.613
1117.802 59.593
1118.126 -34.428
1118.451 -15.449
1118.776 -20.470
1119.101 6.509
1119.426 15.489
1119.751 -14.532
1120.075 2.447
1120.400 4.426
1120.725 24.405
1121.050 54.383
1121.375 22.362
1121.699 -7.659
1122.024 25.320
1122.349 6.298
1122.674 -44.723
1122.999 -10.744
1123.324 48.234
1123.648 87.213
1123.973 -1.809
1124.298 11.170
1124.623 14.148
1124.948 30.126
1125.273 10.104
1125.597 -23.917
1125.922 0.061
1126.247 7.039
1126.572 53.017
1126.897 -20.005
1127.222 -22.027
1127.546 -0.049
1127.871 -2.071
1128.196 42.907
1128.521 42.885
1128.846 -31.138
1129.171 5.840
1129.495 49.818
1129.820 -6.204
1130.145 31.773
1130.470 55.751
1130.795 6.728
1131.120 -15.294
1131.444 -11.317
1131.769 4.660
1132.094 1.638
1132.419 38.615
1132.744 18.592
1133.069 -12.431
1133.393 -3.453
1133.718 6.524
1134.043 65.501
1134.368 18.478
1134.693 55.455
1135.017 29.432
1135.342 -20.592
1135.667 -9.615
1135.992 13.362
1136.317 20.339
1136.642 19.315
1136.966 -27.708
1137.291 41.269
1137.616 5.245
1137.941 -3.778
1138.266 52.198
1138.591 47.175
1138.915 25.151
1139.240 37.128
1139.565 30.104
1139.890 26.080
1140.215 42.056
1140.540 12.033
1140.864 22.009
1141.189 46.985
1141.514 32.961
1141.839 -44.063
1142.164 47.913
1142.489 64.889
1142.813 -24.135
1143.138 20.840
1143.463 -6.184
1143.788 22.792
1144.113 1.768
1144.438 25.743
1144.762 -27.281
1145.087 6.695
1145.412 -9.330
1145.737 -7.354
1146.062 71.621
1146.387 8.597
1146.711 -6.428
1147.036 -22.453
1147.361 9.523
1147.686 9.498
1148.011 -26.527
1148.335 8.449
1148.660 54.424
1148.985 38.399
1149.310 -18.626
1149.635 -6.651
1149.960 19.324
1150.284 -20.701
1150.609 -45.726
1150.934 38.249
1151.259 -28.776
1151.584 48.198
1151.909 -25.827
1152.233 20.148
1152.558 52.123
1152.883 -43.903
1153.208 15.072
1153.533 -34.953
1153.858 -12.979
1154.182 -14.004
1154.507 47.970
1154.832 21.945
1155.157 52.919
1155.482 27.894
1155.807 51.868
1156.131 -13.158
1156.456 17.817
1156.781 -31.209
1157.106 21.765
1157.431 -26.261
1157.756 38.714
1158.080 19.688
1158.405 19.662
1158.730 20.636
1159.055 39.610
1159.380 4.584
1159.705 1.558
1160.029 3.532
1160.354 -0.494
1160.679 43.480
1161.004 20.454
1161.329 14.427
1161.653 -11.599
1161.978 -33.625
1162.303 -5.651
1162.628 15.323
1162.953 33.296
1163.278 2.270
1163.602 10.244
1163.927 15.217
1164.252 30.191
1164.577 31.164
1164.902 -1.862
1165.227 -7.889
1165.551 -21.915
1165.876 36.058
1166.201 19.032
1166.526 39.005
1166.851 -37.021
1167.176 43.952
1167.500 6.925
1167.825 30.899
1168.150 18.872
1168.475 -1.155
1168.800 -42.181
1169.125 -19.208
1169.449 -17.235
1169.774 -28.262
1170.099 -1.288
1170.424 24.685
1170.749 29.658
1171.074 10.631
1171.398 -8.396
1171.723 34.577
1172.048 -52.450
1172.373 28.523
1172.698 24.497
1173.023 18.470
1173.347 22.443
1173.672 47.416
1173.997 45.389
1174.322 -21.638
1174.647 23.335
1174.972 14.308
1175.296 4.281
1175.621 -14.746
1175.946 -34.774
1176.271 -48.801
1176.596 -4.828
1176.920 27.145
1177.245 -30.882
1177.570 37.091
1177.895 -30.936
1178.220 -44.963
1178.545 -6.990
1178.869 20.983
1179.194 -1.045
1179.519 -16.072
1179.844 83.901
1180.169 27.874
1180.494 27.847
1180.818 7.820
1181.143 61.793
1181.468 6.765
1181.793 53.738
1182.118 -20.289
1182.443 11.684
1182.767 30.657
1183.092 42.630
1183.417 35.603
1183.742 50.575
1184.067 39.548
1184.392 -5.479
1184.716 -12.506
1185.041 -16.533
1185.366 28.440
1185.691 -45.587
1186.016 22.386
1186.341 -10.642
1186.665 8.331
1186.990 38.304
1187.315 8.277
1187.640 51.250
1187.965 42.223
1188.290 36.196
1188.614 -13.831
1188.939 11.142
1189.264 14.115
1189.589 -16.912
1189.914 38.061
1190.238 5.034
1190.563 -14.993
1190.888 14.980
1191.213 -1.046
1191.538 46.927
1191.863 6.900
1192.187 13.873
1192.512 53.846
1192.837 37.819
1193.162 -31.207
1193.487 -2.234
1193.812 38.739
1194.136 4.713
1194.461 -32.314
1194.786 -26.341
1195.111 -3.367
1195.436 -13.394
1195.761 -18.420
1196.085 31.553
1196.410 -7.473
1196.735 -26.500
1197.060 12.474
1197.385 -3.553
1197.710 -30.579
1198.034 -100.605
1198.359 -12.632
1198.684 -25.658
1199.009 31.316
1199.334 56.290
1199.659 25.264
1199.983 -8.763
1200.308 -14.789
1200.633 -22.815
1200.958 36.159
1201.283 -23.867
1201.608 -13.892
1201.932 54.082
1202.257 41.056
1202.582 -30.970
1202.907 -30.995
1203.232 -52.021
1203.556 19.953
1203.881 6.928
1204.206 17.902
1204.531 -14.123
1204.856 21.851
1205.181 14.826
1205.505 11.801
1205.830 20.775
1206.155 18.750
1206.480 27.725
1206.805 -20.300
1207.130 -31.325
1207.454 0.650
1207.779 0.625
1208.104 -7.400
1208.429 15.576
1208.754 -1.449
1209.079 -19.474
1209.403 -10.498
1209.728 -10.523
1210.053 16.453
1210.378 -0.572
1210.703 -7.596
1211.028 28.380
1211.352 72.356
1211.677 20.332
1212.002 3.307
1212.327 34.284
1212.652 -16.740
1212.977 -32.764
1213.301 -25.788
1213.626 -26.812
1213.951 -28.835
1214.276 -19.859
1214.601 21.118
1214.926 -8.905
1215.250 37.071
1215.575 40.048
1215.900 -24.975
1216.225 2.002
1216.550 -21.021
1216.875 -10.044
1217.199 7.934
1217.524 15.911
1217.849 28.888
1218.174 10.866
1218.499 30.844
1218.823 -22.179
1219.148 -34.201
1219.473 -24.223
1219.798 11.755
1220.123 -22.267
1220.448 -53.289
1220.772 19.689
1221.097 11.668
1221.422 -7.354
1221.747 7.625
1222.072 -1.397
1222.397 11.582
1222.721 -10.439
1223.046 9.540
1223.371 -64.481
1223.696 -17.502
