165.214 -59.545
165.472 -10.545
165.730 -32.545
165.987 -4.544
166.245 1.456
166.503 34.456
166.761 6.456
167.019 9.457
167.277 1.457
167.534 21.457
167.792 -37.543
168.050 6.458
168.308 -16.542
168.566 39.458
168.824 -21.542
169.081 -9.541
169.339 0.459
169.597 14.459
169.855 25.459
170.113 -46.541
170.371 -22.540
170.628 -2.540
170.886 -9.540
171.144 -22.540
171.402 -56.539
171.660 -47.539
171.917 -5.539
172.175 -22.539
172.433 -19.538
172.691 -18.538
172.949 -4.538
173.207 -28.538
173.464 -21.537
173.722 -2.537
173.980 38.463
174.238 -23.537
174.496 -5.261
174.754 -2.261
175.011 43.739
175.269 52.739
175.527 21.739
175.785 29.739
176.043 45.738
176.301 29.738
176.558 25.738
176.816 13.738
177.074 38.738
177.332 -4.262
177.590 -16.262
177.848 58.737
178.105 40.737
178.363 18.737
178.621 -4.263
178.879 24.737
179.137 10.737
179.395 28.737
179.652 37.736
179.910 27.736
180.168 30.736
180.426 31.736
180.684 47.736
180.942 74.736
181.199 10.736
181.457 7.735
181.715 55.735
181.973 -15.265
182.231 24.735
182.489 -1.265
182.746 35.735
183.004 12.735
183.262 10.735
183.520 56.734
183.778 44.734
184.036 -12.266
184.293 21.734
184.551 26.734
184.809 49.734
185.067 33.734
185.325 68.733
185.583 45.733
185.840 65.733
186.098 28.733
186.356 16.733
186.614 33.733
186.872 5.733
187.130 -7.268
187.387 10.732
187.645 16.732
187.903 27.732
188.161 49.732
188.419 28.732
188.677 26.732
188.934 -15.269
189.192 -37.269
189.450 -12.269
189.708 17.731
189.966 3.731
190.224 10.731
190.481 8.731
190.739 15.730
190.997 24.730
191.255 53.730
191.513 45.730
191.771 -7.270
192.028 6.730
192.286 0.730
192.544 22.729
192.802 43.729
193.060 54.729
193.317 80.729
193.575 21.729
193.833 15.729
194.091 -16.272
194.349 25.728
194.607 2.728
194.864 14.728
195.122 25.728
195.380 22.728
195.638 49.728
195.896 33.727
196.154 4.727
196.411 43.727
196.669 -18.273
196.927 -17.273
197.185 -43.273
197.443 22.727
197.701 21.726
197.958 39.726
198.216 31.726
198.474 20.726
198.732 -0.274
198.990 -13.274
199.248 -7.274
199.505 17.725
199.763 33.725
200.021 0.725
200.279 70.725
200.537 71.725
200.795 24.725
201.052 36.725
201.310 22.724
201.568 47.724
201.826 21.724
202.084 50.724
202.342 5.724
202.599 60.724
202.857 56.723
203.115 39.723
203.373 31.723
203.631 -23.277
203.889 18.723
204.146 67.723
204.404 13.723
204.662 9.722
204.920 33.722
205.178 7.722
205.436 30.722
205.693 12.722
205.951 15.722
206.209 20.722
206.467 64.721
206.725 63.721
206.983 58.721
207.240 30.721
207.498 3.721
207.756 18.721
208.014 14.720
208.272 -22.280
208.530 -0.280
208.787 12.720
209.045 -7.280
209.303 20.720
209.561 23.720
209.819 18.719
210.077 9.719
210.334 10.719
210.592 24.719
210.850 28.719
211.108 59.719
211.366 13.718
211.624 52.718
211.881 21.718
212.139 -19.282
212.397 24.718
212.655 6.718
212.913 18.718
213.170 7.717
213.428 17.717
213.686 41.717
213.944 45.717
214.202 -15.283
214.460 -43.283
214.717 14.716
214.975 35.716
215.233 -1.284
215.491 2.716
215.749 54.716
216.007 60.716
216.264 19.716
216.522 33.715
216.780 10.715
217.038 46.715
217.296 21.715
217.554 10.715
217.811 65.715
218.069 59.714
218.327 32.714
218.585 75.714
218.843 28.714
219.101 43.714
219.358 76.714
219.616 40.713
219.874 -9.287
220.132 17.713
220.390 69.713
220.648 46.713
220.905 32.713
221.163 16.713
221.421 28.712
221.679 15.712
221.937 -21.288
222.195 13.712
222.452 25.712
222.710 56.712
222.968 29.711
223.226 -17.289
223.484 48.711
223.742 34.711
223.999 39.711
224.257 -13.289
224.515 -3.290
224.773 23.710
225.031 2.710
225.289 40.710
225.546 72.710
225.804 25.710
226.062 5.709
226.320 13.709
226.578 -25.291
226.836 21.709
227.093 13.709
227.351 -43.291
227.609 25.709
227.867 53.708
228.125 61.708
228.383 55.708
228.640 55.708
228.898 29.708
229.156 7.708
229.414 29.707
229.672 21.707
229.930 5.707
230.187 -7.293
230.445 32.707
230.703 44.707
230.961 74.706
231.219 23.706
231.477 70.706
231.734 36.706
231.992 24.706
232.250 1.706
232.508 26.705
232.766 9.705
233.024 37.705
233.281 16.705
233.539 38.705
233.797 3.705
234.055 4.704
234.313 0.704
234.570 7.704
234.828 39.704
235.086 -6.296
235.344 21.704
235.602 -6.297
235.860 -11.297
236.117 -28.297
236.375 -12.297
236.633 -17.297
236.891 -29.297
237.149 -14.298
237.407 -9.298
237.664 44.702
237.922 3.702
238.180 -2.298
238.438 11.702
238.696 54.701
238.954 58.701
239.211 -3.299
239.469 9.701
239.727 26.701
239.985 17.701
240.243 47.700
240.501 43.700
240.758 85.700
241.016 29.700
241.274 -23.300
241.532 -0.300
241.790 14.699
242.048 15.699
242.305 14.699
242.563 17.699
242.821 79.699
243.079 -12.301
243.337 13.698
243.595 59.698
243.852 29.698
244.110 -23.302
244.368 -23.302
244.626 25.698
244.884 -15.303
245.142 19.697
245.399 69.697
245.657 38.697
245.915 -1.303
246.173 30.697
246.431 30.696
246.689 5.696
246.946 13.696
247.204 33.696
247.462 37.696
247.720 9.695
247.978 -11.305
248.236 43.695
248.493 55.695
248.751 58.695
249.009 14.695
249.267 18.694
249.525 -2.306
249.783 22.694
250.040 -28.306
250.298 19.694
250.556 34.694
250.814 24.693
251.072 42.693
251.330 33.693
251.587 34.693
251.845 30.693
252.103 -24.307
252.361 -19.308
252.619 56.692
252.877 53.692
253.134 12.692
253.392 8.692
253.650 20.691
253.910 26.691
254.170 81.691
254.430 25.691
254.690 67.691
254.950 4.691
255.209 36.690
255.469 -1.310
255.729 11.690
255.989 36.690
256.249 6.690
256.509 0.690
256.769 -11.311
257.029 17.689
257.289 24.689
257.549 -0.311
257.809 31.689
258.069 84.688
258.328 37.688
258.588 66.688
258.848 20.688
259.108 59.688
259.368 3.688
259.628 10.687
259.888 46.687
260.148 74.687
260.408 33.687
260.668 51.687
260.928 17.686
261.187 47.686
261.447 51.686
261.707 9.686
261.967 44.686
262.227 16.686
262.487 28.685
262.747 12.685
263.007 85.685
263.267 27.685
263.527 47.685
263.787 51.684
264.047 14.684
264.306 -56.316
264.566 37.684
264.826 15.684
265.086 46.684
265.346 41.683
265.606 13.683
265.866 11.683
266.126 -19.317
266.386 6.683
266.646 65.682
266.906 51.682
267.165 -19.318
267.425 5.682
267.685 -15.318
267.945 12.682
268.205 27.681
268.465 44.681
268.725 28.681
268.985 49.681
269.245 58.681
269.505 -2.320
269.765 40.680
270.024 20.680
270.284 -1.320
270.544 8.680
270.804 10.680
271.064 19.679
271.324 1.679
271.584 22.679
271.844 6.679
272.104 49.679
272.364 42.678
272.624 -9.322
272.884 6.678
273.143 77.678
273.403 57.678
273.663 6.677
273.923 12.677
274.183 41.677
274.443 55.677
274.703 -11.323
274.963 1.677
275.223 42.676
275.483 21.676
275.743 11.676
276.002 39.676
276.262 11.676
276.522 16.675
276.782 35.675
277.042 17.675
277.302 63.675
277.562 -5.325
277.822 -1.326
278.082 7.674
278.342 2.674
278.602 62.674
278.862 34.674
279.121 15.673
279.381 -2.327
279.641 -31.327
279.901 16.673
280.161 6.673
280.421 34.672
280.681 67.672
280.941 40.672
281.201 18.672
281.461 54.672
281.721 39.672
281.980 41.671
282.240 26.671
282.500 38.671
282.760 -25.329
283.020 21.671
283.280 50.670
283.540 -14.330
283.800 28.670
284.060 22.670
284.320 17.670
284.580 16.669
284.840 20.669
285.099 -59.331
285.359 -32.331
285.619 18.669
285.879 22.668
286.139 30.668
286.399 50.668
286.659 17.668
286.919 10.668
287.179 6.667
287.439 52.667
287.699 43.667
287.958 -20.333
288.218 63.667
288.478 48.666
288.738 20.666
288.998 20.666
289.258 28.666
289.518 -14.334
289.778 32.665
290.038 33.665
290.298 34.665
290.558 22.665
290.818 1.665
291.077 37.664
291.337 66.664
291.597 32.664
291.857 24.664
292.117 22.664
292.377 31.663
292.637 4.663
292.897 18.663
293.157 29.663
293.417 10.663
293.677 44.662
293.936 68.662
294.196 65.662
294.456 10.662
294.716 -11.338
294.976 61.661
295.236 38.661
295.496 -20.339
295.756 76.661
296.016 36.661
296.276 91.660
296.536 27.660
296.796 2.660
297.055 1.660
297.315 48.660
297.575 44.659
297.835 23.659
298.095 46.659
298.355 17.659
298.615 -1.341
298.875 21.658
299.135 5.658
299.395 17.658
299.655 22.658
299.914 -8.342
300.174 -9.343
300.434 15.657
300.694 24.657
300.954 54.657
301.214 27.657
301.474 -3.344
301.734 10.656
301.994 37.656
302.254 20.656
302.514 20.655
302.773 30.655
303.033 36.655
303.293 36.655
303.553 41.655
303.813 36.654
304.073 60.654
304.333 23.654
304.593 -11.346
304.853 44.654
305.113 1.653
305.373 -0.347
305.633 18.653
305.892 21.653
306.152 28.653
306.412 16.652
306.672 12.652
306.932 47.652
307.192 39.652
307.452 16.652
307.712 15.651
307.972 -37.349
308.232 17.651
308.492 35.651
308.751 42.650
309.011 -13.350
309.271 21.650
309.531 70.650
309.791 20.650
310.051 -1.351
310.311 13.649
310.571 -40.351
310.831 68.649
311.091 41.649
311.351 18.648
311.611 27.648
311.870 47.648
312.130 10.648
312.390 4.647
312.650 52.647
312.910 -15.353
313.170 25.647
313.434 -8.353
313.698 -31.354
313.963 48.646
314.227 8.646
314.491 -4.354
314.755 50.646
315.019 13.645
315.284 -14.355
315.548 -2.355
315.812 38.645
316.076 8.644
316.340 -11.356
316.604 39.644
316.869 23.644
317.133 47.644
317.397 39.643
317.661 1.643
317.925 15.643
318.190 22.643
318.454 57.642
318.718 15.642
318.982 29.642
319.246 41.642
319.511 7.642
319.775 17.641
320.039 3.641
320.303 10.641
320.567 -22.359
320.832 -1.360
321.096 22.640
321.360 45.640
321.624 31.640
321.888 72.640
322.153 31.639
322.417 44.639
322.681 -13.361
322.945 -26.361
323.209 -9.362
323.473 9.638
323.738 74.638
324.002 37.638
324.266 18.638
324.530 19.637
324.794 45.637
325.059 20.637
325.323 16.637
325.587 39.636
325.851 5.636
326.115 30.636
326.380 -0.364
326.644 -7.364
326.908 -3.365
327.172 75.635
327.436 68.635
327.701 35.635
327.965 -1.366
328.229 30.634
328.493 -18.366
328.757 41.634
329.022 14.634
329.286 9.633
329.550 35.633
329.814 64.633
330.078 -5.367
330.342 4.632
330.607 3.632
330.871 11.632
331.135 -20.368
331.399 45.631
331.663 47.631
331.928 14.631
332.192 33.631
332.456 -1.369
332.720 46.630
332.984 5.630
333.249 13.630
333.513 16.630
333.777 -10.371
334.041 11.629
334.305 40.629
334.570 33.629
334.834 8.628
335.098 6.628
335.362 25.628
335.626 16.628
335.891 34.628
336.155 20.627
336.419 13.627
336.683 93.627
336.947 65.627
337.211 77.626
337.476 -4.374
337.740 -27.374
338.004 -18.374
338.268 52.625
338.532 -6.375
338.797 54.625
339.061 64.625
339.325 10.624
339.589 44.624
339.853 47.624
340.118 18.624
340.382 12.624
340.646 -7.377
340.910 -4.377
341.174 11.623
341.439 10.623
341.703 56.622
341.967 52.622
342.231 63.622
342.495 30.622
342.759 15.621
343.024 32.621
343.288 14.621
343.552 -0.379
343.816 33.620
344.080 26.620
344.345 24.620
344.609 22.620
344.873 14.619
345.137 10.619
345.401 -15.381
345.666 -30.381
345.930 -25.381
346.194 -13.382
346.458 27.618
346.722 53.618
346.987 21.618
347.251 33.617
347.515 22.617
347.779 -1.383
348.043 32.617
348.308 15.616
348.572 2.616
348.836 -17.384
349.100 53.616
349.364 55.615
349.628 56.615
349.893 15.615
350.157 28.615
350.421 31.614
350.685 22.614
350.949 -45.386
351.214 -10.386
351.478 -31.387
351.742 15.613
352.006 33.613
352.270 31.613
352.535 47.612
352.799 11.612
353.063 10.612
353.327 -48.388
353.591 14.611
353.856 3.611
354.120 -17.389
354.384 1.611
354.648 71.610
354.912 28.610
355.177 39.610
355.441 74.610
355.705 77.609
355.969 17.609
356.233 59.609
356.497 12.609
356.762 5.608
357.026 26.608
357.290 23.608
357.554 69.608
357.818 38.607
358.083 13.607
358.347 -8.393
358.611 30.607
358.875 27.606
359.139 9.606
359.404 2.606
359.668 24.606
359.932 15.605
360.196 43.605
360.460 44.605
360.725 7.605
360.989 28.604
361.253 28.604
361.517 34.604
361.781 0.604
362.046 44.603
362.310 50.603
362.574 8.603
362.838 -2.397
363.102 12.602
363.366 35.602
363.631 -3.398
363.895 75.602
364.159 -7.399
364.423 -18.399
364.687 34.601
364.952 -18.400
365.216 -13.400
365.480 5.600
365.747 11.600
366.013 41.599
366.280 41.599
366.546 -5.401
366.813 48.599
367.079 61.598
367.346 23.598
367.612 56.598
367.879 36.598
368.145 -16.403
368.412 62.597
368.678 3.597
368.945 -23.403
369.211 -9.404
369.478 -44.404
369.744 0.596
370.011 -26.404
370.278 17.595
370.544 81.595
370.811 78.595
371.077 36.594
371.344 -1.406
371.610 4.594
371.877 19.594
372.143 18.593
372.410 62.593
372.676 20.593
372.943 62.593
373.209 -6.408
373.476 0.592
373.742 36.592
374.009 9.592
374.276 21.591
374.542 47.591
374.809 40.591
375.075 34.590
375.342 41.590
375.608 53.590
375.875 52.590
376.141 2.589
376.408 39.589
376.674 62.589
376.941 27.589
377.207 39.588
377.474 -7.412
377.740 43.588
378.007 17.587
378.273 20.587
378.540 44.587
378.807 44.587
379.073 -13.414
379.340 -4.414
379.606 4.586
379.873 -63.414
380.139 31.585
380.406 25.585
380.672 37.585
380.939 -13.416
381.205 21.584
381.472 -5.416
381.738 -22.416
382.005 14.583
382.271 26.583
382.538 71.583
382.804 26.583
383.071 24.582
383.338 31.582
383.604 4.582
383.871 20.581
384.137 40.581
384.404 33.581
384.670 36.581
384.937 34.580
385.203 -54.420
385.470 -13.420
385.736 16.580
386.003 28.579
386.269 5.579
386.536 2.579
386.802 24.578
387.069 9.578
387.336 33.578
387.602 -28.422
387.869 39.577
388.135 5.577
388.402 36.577
388.668 37.576
388.935 8.576
389.201 61.576
389.468 65.576
389.734 7.575
390.001 63.575
390.267 5.575
390.534 71.574
390.800 7.574
391.067 12.574
391.333 -33.426
391.600 -0.427
391.867 15.573
392.133 -0.427
392.400 16.572
392.666 -3.428
392.933 4.572
393.199 -26.428
393.466 15.571
393.732 27.571
393.999 23.571
394.265 28.570
394.532 1.570
394.798 24.570
395.065 33.570
395.331 16.569
395.598 60.569
395.864 89.569
396.131 49.568
396.398 -16.432
396.664 29.568
396.931 54.568
397.197 37.567
397.464 9.567
397.730 3.567
397.997 -23.434
398.263 24.566
398.530 70.566
398.796 53.565
399.063 53.565
399.329 -2.435
399.596 69.565
399.862 25.564
400.129 -14.436
400.396 2.564
400.662 21.563
400.929 11.563
401.195 50.563
401.462 36.563
401.728 26.562
401.995 -3.438
402.261 45.562
402.528 25.561
402.794 50.561
403.061 10.561
403.327 77.560
403.594 52.560
403.860 46.560
404.127 56.560
404.393 51.559
404.660 42.559
404.934 39.559
405.207 2.558
405.481 36.558
405.754 -11.442
406.028 4.557
406.301 -25.443
406.575 9.557
406.848 49.557
407.122 46.556
407.395 5.556
407.669 31.556
407.942 28.555
408.216 -3.445
408.489 29.555
408.763 44.554
409.036 -5.446
409.310 22.554
409.583 70.553
409.857 27.553
410.130 10.553
410.404 35.553
410.677 -7.448
410.951 -14.448
411.224 -26.448
411.498 15.551
411.771 33.551
412.045 26.551
412.318 17.550
412.592 35.550
412.865 36.550
413.139 8.549
413.412 16.549
413.686 -21.451
413.959 -10.451
414.233 19.548
414.506 22.548
414.780 27.548
415.053 12.547
415.327 -6.453
415.600 25.547
415.874 19.546
416.147 -14.454
416.421 10.546
416.694 21.545
416.968 41.545
417.241 38.545
417.515 102.544
417.788 28.544
418.062 5.544
418.335 40.544
418.609 14.543
418.882 12.543
419.156 30.543
419.429 77.542
419.703 20.542
419.976 61.542
420.250 21.541
420.524 -30.459
420.797 3.541
421.071 65.540
421.344 -9.460
421.618 53.540
421.891 -31.461
422.165 12.539
422.438 39.539
422.712 40.538
422.985 12.538
423.259 24.538
423.532 -1.463
423.806 30.537
424.079 20.537
424.353 22.537
424.626 43.536
424.900 45.536
425.173 60.536
425.447 41.535
425.720 -28.465
425.994 6.535
426.267 18.534
426.541 28.534
426.814 -4.466
427.088 54.533
427.361 56.533
427.635 24.533
427.908 53.532
428.182 46.532
428.455 24.532
428.729 42.531
429.002 35.531
429.276 14.531
429.549 -26.470
429.823 61.530
430.096 46.530
430.370 42.529
430.643 -20.471
430.917 73.529
431.190 57.528
431.464 -10.472
431.737 30.528
432.011 46.527
432.284 31.527
432.558 56.527
432.831 18.526
433.105 29.526
433.378 33.526
433.652 11.525
433.925 61.525
434.199 8.525
434.472 28.524
434.746 53.524
435.019 51.524
435.293 0.523
435.566 55.523
435.840 40.523
436.118 38.522
436.395 34.522
436.673 16.522
436.951 -7.479
437.228 -1.479
437.506 26.521
437.784 61.520
438.061 -1.480
438.339 39.520
438.617 49.519
438.894 9.519
439.172 -13.481
439.450 -10.482
439.727 84.518
440.005 -9.482
440.283 -32.483
440.560 42.517
440.838 61.517
441.115 42.516
441.393 13.516
441.671 14.515
441.948 -7.485
442.226 34.515
442.504 37.514
442.781 19.514
443.059 42.514
443.337 24.513
443.614 48.513
443.892 -1.487
444.170 96.512
444.447 21.512
444.725 66.512
445.003 1.511
445.280 -17.489
445.558 26.511
445.836 2.510
446.113 -10.490
446.391 36.510
446.669 45.509
446.946 36.509
447.224 24.509
447.502 28.423
447.779 43.334
448.057 -14.420
448.335 12.433
448.612 42.211
448.890 20.344
449.168 36.180
449.445 54.020
449.723 54.956
450.001 55.946
450.278 15.351
450.556 -4.451
450.834 -17.323
451.111 16.340
451.389 46.043
451.666 67.825
451.944 50.052
452.222 40.141
452.499 31.221
452.777 39.188
453.055 -56.106
453.332 52.188
453.610 67.164
453.888 8.466
454.165 14.456
454.443 86.327
454.721 15.483
454.998 41.499
455.276 10.519
455.554 46.685
455.831 11.555
456.109 21.627
456.387 9.573
456.664 12.610
456.942 42.969
457.220 18.720
457.497 40.056
457.775 16.746
458.053 20.849
458.330 36.145
458.608 16.813
458.886 -0.517
459.163 -1.541
459.441 -6.661
459.719 31.242
459.996 29.252
460.274 88.892
460.552 60.176
460.829 46.849
461.107 28.341
461.384 -26.326
461.662 44.927
461.940 51.178
462.217 62.618
462.495 23.304
462.773 38.848
463.050 64.821
463.328 -28.570
463.606 0.506
463.883 8.822
464.161 -38.996
464.439 -0.534
464.716 23.398
464.994 33.804
465.272 48.371
465.549 12.991
465.827 69.182
466.105 35.883
466.382 35.883
466.660 -6.782
466.938 12.989
467.215 -9.894
467.493 26.488
467.771 52.475
468.048 63.843
468.326 34.731
468.604 11.909
468.881 9.824
469.159 -0.539
469.437 -1.573
469.714 18.075
469.992 50.029
470.270 18.018
470.547 0.492
470.825 42.672
471.102 41.600
471.380 61.064
471.658 -6.691
471.935 -16.931
472.213 33.240
472.491 7.635
472.768 -2.577
473.046 16.793
473.324 21.867
473.601 12.689
473.879 34.017
474.157 48.195
474.434 -0.535
474.712 0.478
474.990 19.708
475.267 27.805
475.545 37.887
475.823 77.243
476.100 78.173
476.378 1.483
476.656 72.045
476.933 20.634
477.211 -23.722
477.489 -7.585
477.766 26.654
478.044 10.530
478.322 59.826
478.599 113.145
478.877 49.764
479.155 65.861
479.432 -42.792
479.710 45.739
479.988 40.708
480.265 36.684
480.543 30.678
480.820 56.861
481.098 39.741
481.376 41.797
481.653 59.941
481.931 61.957
482.209 15.601
482.486 30.737
482.764 3.495
483.042 13.609
483.319 -22.791
483.597 17.671
483.875 33.865
484.152 -1.562
484.430 84.557
484.708 92.662
484.985 66.386
485.263 47.164
485.541 -5.628
485.818 19.752
486.096 -13.765
486.374 58.389
486.651 50.259
486.929 78.794
487.207 36.067
487.484 89.983
487.762 46.239
488.040 66.584
488.317 12.680
488.595 -22.962
488.873 1.478
489.150 39.155
489.428 55.448
489.706 80.906
489.983 71.741
490.261 33.044
490.539 71.740
490.816 39.153
491.094 39.113
491.371 -0.562
491.649 -1.580
491.927 35.007
492.204 47.201
492.482 58.320
492.760 1.467
493.037 1.465
493.315 -0.563
493.593 41.990
493.870 17.655
494.148 15.615
494.426 47.970
494.703 53.982
494.981 29.709
495.259 26.655
495.536 27.634
495.814 18.552
496.092 21.548
496.369 19.518
496.647 -23.632
496.925 16.472
497.202 38.477
497.480 31.438
497.758 40.357
498.035 -10.531
498.313 -31.438
498.591 35.260
498.868 27.245
499.146 -3.536
499.424 34.128
499.701 53.896
499.979 36.002
500.257 22.146
500.534 20.131
500.812 33.891
501.089 -22.190
501.367 73.044
501.645 57.286
501.922 -7.406
502.200 45.342
502.478 59.873
502.755 29.630
503.033 91.679
503.311 75.997
503.588 44.902
503.866 -13.100
504.144 1.375
504.421 59.968
504.699 57.935
504.977 26.220
505.254 103.460
505.532 15.628
505.810 40.251
506.087 93.205
506.365 28.729
506.643 -4.309
506.920 11.665
507.198 -18.331
507.476 -32.286
507.753 35.808
508.031 59.871
508.309 76.386
508.586 37.357
508.864 64.903
509.142 42.665
509.419 -1.449
509.697 54.363
509.975 17.717
510.252 39.543
510.530 4.012
510.808 44.802
511.085 64.630
511.363 51.866
511.640 14.802
511.918 -20.329
512.196 39.941
512.473 10.255
512.751 -5.912
513.029 -8.598
513.306 3.958
513.584 14.706
513.862 75.638
514.139 16.512
514.417 24.584
514.695 53.283
514.972 20.117
515.250 20.134
515.528 45.373
515.805 58.927
516.083 7.589
516.361 68.119
516.638 46.522
516.916 70.178
517.194 57.537
517.471 34.914
517.749 62.300
518.027 49.639
518.304 80.808
518.582 45.242
518.860 37.985
519.137 38.937
519.415 54.648
519.693 60.278
519.970 91.783
520.248 26.249
520.526 108.704
520.803 128.267
521.081 159.145
521.358 242.936
521.636 309.208
521.914 368.498
522.191 483.580
522.469 559.661
522.747 609.717
523.024 710.380
523.302 856.176
523.580 1008.805
523.857 1095.965
524.135 1340.895
524.413 1419.149
524.690 1586.285
524.968 1646.378
525.246 1759.767
525.523 1970.293
525.801 2104.691
526.079 2143.359
526.356 2321.158
526.634 2512.126
526.912 2672.050
527.189 2759.538
527.467 3002.247
527.745 3051.165
528.022 3162.171
528.300 3307.984
528.578 3404.879
528.855 3456.619
529.133 3593.966
529.411 3535.640
529.688 3554.454
529.966 3595.846
530.244 3624.655
530.521 3574.749
530.799 3475.878
531.077 3388.673
531.354 3315.157
531.632 3228.661
531.909 3021.134
532.187 2929.471
532.465 2811.144
532.742 2776.874
533.020 2502.729
533.298 2380.226
533.575 2193.509
533.853 2122.264
534.131 2028.031
534.408 1880.857
534.686 1753.233
534.964 1627.999
535.241 1400.360
535.519 1210.380
535.797 1112.438
536.074 1052.636
536.352 874.270
536.630 763.238
536.907 595.299
537.185 559.386
537.463 411.897
537.740 357.855
538.018 287.900
538.296 255.034
538.573 197.213
538.851 219.298
539.129 131.656
539.406 67.556
539.684 39.927
539.962 23.135
540.239 42.979
540.517 63.854
540.795 71.861
541.072 51.007
541.350 49.020
541.627 16.249
541.905 73.919
542.183 58.014
542.460 -6.599
542.738 27.171
543.016 57.955
543.293 110.586
543.571 54.974
543.849 63.848
544.126 94.601
544.404 10.276
544.682 51.942
544.959 47.973
545.237 25.155
545.515 26.146
545.792 73.692
546.070 23.146
546.353 43.958
546.637 48.913
546.920 51.937
547.204 50.945
547.487 -17.508
547.770 -9.572
548.054 8.293
548.337 17.230
548.621 41.062
548.904 18.240
549.187 37.126
549.471 16.267
549.754 40.147
550.038 89.987
550.321 55.181
550.604 43.260
550.888 10.325
551.171 54.291
551.455 53.344
551.738 73.417
552.021 55.399
552.305 53.450
552.588 20.403
552.871 68.616
553.155 55.619
553.438 65.735
553.722 15.448
554.005 30.584
554.288 52.814
554.572 75.089
554.855 54.942
555.139 49.937
555.422 33.776
555.705 16.568
555.989 54.148
556.272 38.958
556.556 5.427
556.839 40.055
557.122 39.036
557.406 53.347
557.689 12.584
557.973 5.446
558.256 20.789
558.539 -3.752
558.823 -5.803
559.106 37.223
559.390 44.394
559.673 71.106
559.956 57.772
560.240 27.030
560.523 71.177
560.807 25.001
561.090 17.806
561.373 86.665
561.657 26.027
561.940 13.694
562.223 39.387
562.507 70.219
562.790 43.497
563.074 52.746
563.357 70.217
563.640 39.384
563.924 -7.885
564.207 28.049
564.491 44.475
564.774 25.967
565.057 48.531
565.341 24.915
565.624 -19.143
565.908 -1.725
566.191 19.770
566.474 14.652
566.758 30.996
567.041 46.333
567.325 24.835
567.608 24.834
567.891 9.502
568.175 42.154
568.458 5.414
568.742 35.994
569.025 48.177
569.308 23.736
569.592 -5.790
569.875 32.867
570.159 -41.354
570.442 -0.704
570.725 69.346
571.009 7.409
571.292 -20.989
571.576 24.624
571.859 2.332
572.142 26.623
572.426 11.428
572.709 5.356
572.992 23.537
573.276 24.521
573.559 48.690
573.843 50.705
574.126 69.787
574.409 8.348
574.693 3.318
574.976 -18.797
575.260 -8.738
575.543 -36.851
575.826 57.468
576.110 53.402
576.393 69.364
576.677 57.351
576.960 69.293
577.249 39.292
577.538 70.222
577.827 15.261
578.115 -1.704
578.404 -6.690
578.693 8.256
578.982 -5.683
579.271 49.043
579.560 39.053
579.848 5.255
580.137 44.022
580.426 46.957
580.715 -22.557
581.004 -13.620
581.293 4.250
581.581 43.932
581.870 19.130
582.159 9.208
582.448 35.001
582.737 81.628
583.026 45.913
583.314 -10.635
583.603 6.229
583.892 18.133
584.181 37.974
584.470 67.802
584.759 30.066
585.048 45.006
585.336 64.886
585.625 31.119
585.914 -18.652
586.203 48.081
586.492 70.062
586.781 1.268
587.069 64.143
587.358 33.237
587.647 55.215
587.936 -9.731
588.225 62.269
588.514 20.288
588.802 11.290
589.091 15.298
589.380 33.366
589.669 -0.738
589.958 70.689
590.247 70.760
590.536 58.734
590.824 54.756
591.113 66.932
591.402 22.532
591.691 69.160
591.980 24.605
592.269 13.462
592.557 11.442
592.846 5.349
593.135 -3.811
593.424 5.354
593.713 14.533
594.002 28.803
594.290 -1.778
594.579 8.423
594.868 5.361
595.157 19.646
595.446 49.237
595.735 35.971
596.023 81.806
596.312 44.088
596.601 20.621
596.890 53.153
597.179 -0.763
597.468 -11.931
597.757 9.369
598.045 -8.860
598.334 9.339
598.623 18.411
598.912 62.684
599.201 -6.790
599.490 52.401
599.778 49.341
600.067 49.242
600.356 56.129
600.645 13.188
600.934 -10.696
601.223 13.147
601.511 35.915
601.800 31.919
602.089 31.887
602.378 18.003
602.667 17.984
602.956 11.069
603.244 33.696
603.533 13.996
603.822 -7.629
604.111 6.122
604.400 19.855
604.689 36.537
604.978 27.677
605.266 27.676
605.555 43.362
605.844 15.895
606.133 39.400
606.422 41.359
606.711 64.864
606.999 57.028
607.288 19.809
607.577 40.376
607.866 36.458
608.155 13.930
608.444 4.135
608.732 27.641
609.021 11.970
609.310 1.195
609.599 19.804
609.888 79.548
610.177 48.206
610.466 33.514
610.754 34.492
611.043 41.348
611.332 55.059
611.621 13.922
611.910 32.531
612.199 -14.483
612.487 14.900
612.776 45.261
613.065 40.363
613.354 -6.650
613.643 -23.301
613.932 22.732
614.220 -6.652
614.509 -14.474
614.798 -46.764
615.087 22.706
615.376 37.383
615.665 9.006
615.953 -8.607
616.242 60.864
616.531 -15.458
616.820 60.863
617.109 22.702
617.398 30.559
617.687 44.227
617.975 7.044
618.264 53.031
618.553 8.999
618.842 43.245
619.131 62.814
619.420 14.868
619.708 14.867
619.997 14.867
620.286 1.167
620.575 61.832
620.864 71.546
621.153 28.534
621.441 1.163
621.730 39.286
622.019 57.801
622.308 -0.793
622.597 -3.724
622.886 41.157
623.174 31.401
623.463 65.546
623.752 58.659
624.041 38.190
624.330 33.316
624.619 3.101
624.908 2.124
625.196 14.781
625.485 30.360
625.774 -16.379
626.063 -16.364
626.352 43.947
626.641 45.892
626.929 19.607
627.218 -39.636
627.507 18.616
627.796 -3.711
628.085 -10.492
628.374 31.114
628.662 7.895
628.951 25.237
629.240 -1.760
629.529 38.550
629.818 7.816
630.107 59.320
630.396 43.885
630.684 16.271
630.973 13.376
631.262 4.858
631.551 58.260
631.840 -24.102
632.129 2.939
632.417 34.377
632.706 20.424
632.995 3.816
633.284 28.456
633.573 -31.674
633.862 25.505
634.150 -26.009
634.439 -28.611
634.728 2.824
635.017 -4.323
635.306 -8.753
635.595 42.688
635.883 74.405
636.172 14.243
636.461 29.182
636.750 19.463
637.039 16.812
637.328 15.042
637.617 21.182
637.905 62.409
638.194 21.180
638.483 17.686
638.772 -20.963
639.061 41.499
639.350 6.298
639.638 34.577
639.927 14.284
640.216 49.813
640.505 74.857
640.794 16.180
641.083 35.901
641.371 41.378
641.660 10.014
641.949 56.930
642.238 54.371
642.527 5.566
642.816 -2.609
643.104 19.281
643.393 0.120
643.682 21.220
643.971 25.902
644.260 13.969
644.549 19.544
644.838 28.875
645.126 36.396
645.415 -5.480
645.704 6.664
645.993 36.667
646.282 29.251
646.571 72.619
646.859 0.114
647.148 -9.347
647.437 2.011
647.726 5.816
648.015 30.588
648.304 25.899
648.592 59.441
648.881 42.296
649.170 11.637
649.459 28.983
649.748 5.900
650.037 11.713
650.326 34.991
650.614 8.845
650.903 -17.404
651.192 12.776
651.481 33.308
651.770 -16.514
652.059 44.178
652.347 13.842
652.636 17.784
652.925 12.897
653.214 31.628
653.503 43.535
653.792 12.945
654.080 8.012
654.369 58.514
654.658 16.945
654.947 22.914
655.236 -4.870
655.525 -2.887
655.813 3.079
656.102 28.978
656.391 11.060
656.680 24.044
656.969 36.055
657.258 73.017
657.547 45.089
657.835 10.098
658.124 4.092
658.413 -11.937
658.702 -5.926
658.991 37.196
659.280 -15.964
659.568 20.164
659.857 19.159
660.146 27.190
660.435 -2.934
660.724 3.095
661.013 24.200
661.301 17.164
661.590 -0.929
661.879 49.372
662.168 46.353
662.457 15.165
662.746 22.207
663.034 12.145
663.323 39.307
663.612 24.216
663.901 36.287
664.190 -17.033
664.479 29.243
664.768 24.212
665.056 -30.115
665.345 8.114
665.634 34.270
665.923 22.174
666.212 16.143
666.501 -7.978
666.789 25.161
667.078 46.245
667.367 34.195
667.656 10.088
667.945 34.159
668.234 54.219
668.522 26.107
668.811 -19.986
669.100 14.081
669.389 -22.971
669.678 21.072
669.967 58.050
670.256 34.049
670.544 24.024
670.833 28.019
671.122 67.911
671.411 27.990
671.700 26.964
671.989 39.884
672.277 31.915
672.566 6.012
672.855 4.017
673.144 13.956
673.433 19.900
673.722 3.017
674.010 41.703
674.299 53.607
674.588 29.767
674.877 -36.636
675.166 26.766
675.455 58.390
675.743 33.661
676.032 47.461
676.321 41.531
676.610 47.412
676.899 -23.665
677.188 19.750
677.477 22.708
677.765 -22.658
678.054 34.506
678.343 35.490
678.632 9.864
678.921 21.674
679.210 -7.847
679.498 40.333
679.787 -11.782
680.076 8.857
680.365 35.379
680.654 20.643
680.943 3.939
681.231 4.919
681.520 -21.557
681.809 -20.578
682.098 -22.539
682.387 30.401
682.676 -27.416
682.964 45.061
683.253 43.101
683.542 11.758
683.831 5.880
684.120 -8.803
684.409 -1.955
684.698 18.592
684.986 27.424
685.275 2.937
685.564 14.689
685.853 47.010
686.142 45.050
686.431 9.789
686.719 6.850
687.008 -26.452
687.297 5.869
687.586 -30.371
687.875 8.805
688.164 78.343
688.452 60.713
688.741 52.876
689.030 41.122
689.319 11.727
689.608 -11.758
689.897 -14.694
690.186 12.702
690.474 9.766
690.763 51.839
691.052 45.967
691.341 26.422
691.630 1.936
691.919 19.564
692.207 -1.984
692.496 27.398
692.785 -14.733
693.074 -46.107
693.363 21.539
693.652 13.708
693.940 47.073
694.229 8.800
694.518 -6.910
694.807 51.046
695.096 72.727
695.385 23.562
695.673 7.836
695.962 85.591
696.251 -7.914
696.540 -33.539
696.835 -16.807
697.130 16.722
697.425 -28.644
697.720 27.595
698.015 -29.661
698.310 2.917
698.605 -3.013
698.900 -15.860
699.195 48.416
699.490 5.883
699.785 25.690
700.080 6.877
700.375 16.793
700.670 16.792
700.965 49.546
701.260 35.656
701.555 65.482
701.850 34.696
702.145 32.709
702.440 33.734
702.735 11.864
703.030 10.880
703.324 60.630
703.619 39.773
703.914 13.876
704.209 6.902
704.504 55.706
704.799 18.871
705.094 9.897
705.389 20.863
705.684 22.856
705.979 -14.035
706.274 -14.050
706.569 27.865
706.864 4.915
707.159 0.918
707.454 -4.078
707.749 35.916
708.044 40.915
708.339 22.914
708.634 55.913
708.929 -5.093
709.224 39.991
709.519 4.919
709.814 1.914
710.109 -5.108
710.404 -33.227
710.699 27.013
710.994 47.140
711.289 64.224
711.584 36.118
711.879 3.924
712.174 67.303
712.469 -11.180
712.764 30.108
713.059 32.121
713.354 -15.227
713.649 7.957
713.944 36.182
714.239 5.939
714.534 28.115
714.829 28.114
715.124 22.064
715.419 30.127
715.714 40.207
716.009 -9.190
716.304 17.036
716.598 43.271
716.893 -22.343
717.188 13.009
717.483 13.021
717.778 32.264
718.073 10.006
718.368 17.097
718.663 0.886
718.958 6.977
719.253 -5.213
719.548 76.164
719.843 15.141
720.138 19.233
720.433 26.367
720.728 -17.485
721.023 41.740
721.318 36.632
721.613 11.105
721.908 18.262
722.203 16.232
722.498 41.819
722.793 -2.196
723.088 28.540
723.383 3.949
723.678 -26.818
723.973 -5.281
724.268 -26.820
724.563 8.050
724.858 29.587
725.153 7.022
725.448 20.354
725.743 74.635
726.038 42.872
726.333 19.305
726.628 -8.352
726.923 19.282
727.218 -30.841
727.513 17.215
727.808 -41.026
728.103 45.749
728.398 38.565
728.693 65.068
728.988 -20.540
729.283 -5.261
729.578 -6.273
729.873 19.132
730.167 -42.817
730.462 -12.349
730.757 30.215
731.052 16.013
731.347 51.437
731.642 38.239
731.937 0.826
732.232 33.147
732.527 87.603
732.822 21.989
733.117 -42.485
733.412 5.852
733.707 7.857
734.002 -12.253
734.297 27.919
734.592 -4.207
734.887 21.848
735.182 3.811
735.477 -26.225
735.772 -13.200
736.067 19.779
736.362 79.638
736.657 50.695
736.952 22.727
737.247 -15.146
737.542 8.757
737.837 -22.098
738.132 -29.065
738.427 -4.186
738.722 -12.140
739.017 3.759
739.312 37.522
739.607 31.531
739.902 62.283
740.197 83.033
740.492 34.469
740.787 31.463
741.082 31.462
741.377 57.146
741.672 33.373
741.967 8.668
742.262 8.658
742.557 10.621
742.852 52.040
743.147 14.549
743.442 30.311
743.736 60.851
744.031 -17.950
744.326 2.718
744.621 64.724
744.916 13.528
745.211 27.293
745.506 -7.123
745.801 34.173
746.096 29.227
746.391 29.225
746.686 35.118
746.981 37.045
747.276 42.932
747.571 -47.354
747.866 -4.172
748.161 31.121
748.456 41.904
748.751 1.704
749.046 9.539
749.341 37.941
749.636 49.644
749.931 35.944
750.226 52.577
750.521 -18.853
750.816 42.789
751.111 21.261
751.406 39.851
751.701 39.849
751.996 12.451
752.291 26.148
752.586 15.383
752.881 13.425
753.176 -8.103
753.471 60.389
753.766 39.839
754.061 18.330
754.356 86.888
754.651 23.224
754.946 -1.263
755.241 32.036
755.536 33.014
755.831 -7.144
756.126 -28.665
756.421 65.267
756.716 74.072
757.010 21.233
757.305 37.865
757.600 34.928
757.895 3.616
758.190 13.386
758.485 -0.301
758.780 -3.238
759.075 34.921
759.370 1.652
759.665 8.499
759.960 23.198
760.255 0.669
760.550 23.195
760.845 17.334
761.140 21.254
761.435 54.639
761.730 4.593
762.025 -12.108
762.320 40.976
762.615 34.092
762.910 30.157
763.205 44.949
763.500 50.853
763.802 16.419
764.104 8.535
764.406 23.312
764.708 10.513
765.010 -16.116
765.312 -25.979
765.615 24.339
765.917 26.312
766.219 44.123
766.521 13.489
766.823 -25.050
767.125 21.412
767.427 22.400
767.729 38.262
768.031 21.429
768.333 38.259
768.635 27.394
768.937 23.428
769.239 29.373
769.542 35.352
769.844 32.375
770.146 -27.151
770.448 -8.311
770.750 -8.313
771.052 1.618
771.354 46.348
771.656 1.616
771.958 35.445
772.260 40.459
772.562 36.510
772.864 8.600
773.166 9.597
773.468 39.575
773.771 -4.387
774.073 14.626
774.375 33.677
774.677 57.723
774.979 59.786
775.281 77.916
775.583 49.852
775.885 80.001
776.187 49.899
776.489 50.955
776.791 64.109
777.093 64.172
777.395 36.963
777.698 36.998
778.000 -9.525
778.302 23.899
778.604 26.964
778.906 20.898
779.208 17.869
779.510 44.335
779.812 59.653
780.114 32.190
780.416 15.910
780.718 65.005
781.020 -10.673
781.322 -25.029
781.625 12.892
781.927 -21.982
782.229 58.076
782.531 19.080
782.833 11.896
783.135 -6.631
783.437 28.412
783.739 35.663
784.041 0.574
784.343 36.767
784.645 21.276
784.947 -13.937
785.249 7.831
785.552 49.374
785.854 43.186
786.156 12.012
786.458 58.898
786.760 62.086
787.062 30.833
787.364 38.178
787.666 31.940
787.968 14.171
788.270 -3.636
788.572 -0.494
788.874 43.667
789.176 5.817
789.478 61.669
789.781 5.819
790.083 33.250
790.385 -17.404
790.687 -1.568
790.989 13.244
791.291 10.078
791.593 72.653
791.895 66.288
792.197 -5.830
792.499 -9.017
792.801 4.787
793.103 7.973
793.405 -17.552
793.708 12.233
794.010 3.724
794.312 37.841
794.614 35.745
794.916 -5.879
795.218 4.797
795.520 3.730
795.822 25.146
796.124 83.049
796.426 45.582
796.728 51.000
797.030 37.074
797.332 -2.713
797.635 22.040
797.937 33.915
798.239 3.745
798.541 25.345
798.843 18.863
799.145 26.449
799.447 4.831
799.749 12.405
800.051 26.472
800.353 4.830
800.655 45.998
800.957 42.792
801.259 33.029
801.562 -24.457
801.864 48.209
802.166 10.257
802.468 8.083
802.770 55.855
803.072 48.253
803.374 34.136
803.676 60.258
803.978 30.908
804.280 56.992
804.582 25.496
804.884 22.230
805.186 41.860
805.488 44.036
805.791 9.186
806.093 10.285
806.395 19.038
806.697 42.032
806.999 4.831
807.301 17.977
807.603 -34.599
807.905 34.440
808.207 44.355
808.509 25.692
808.811 -29.195
809.113 25.716
809.415 63.076
809.718 79.558
810.020 58.741
810.322 38.937
810.624 47.788
810.926 34.570
811.228 13.658
811.530 18.065
811.834 9.253
812.137 0.421
812.441 9.259
812.744 44.665
813.048 4.845
813.351 -29.520
813.655 62.565
813.958 44.805
814.262 39.297
814.565 22.653
814.869 27.130
815.172 36.036
815.476 43.878
815.779 22.719
816.083 21.601
816.386 -35.360
816.690 64.150
816.993 2.630
817.297 5.993
817.600 4.875
817.904 56.564
818.208 68.999
818.511 61.122
818.815 3.756
819.118 53.364
819.422 -8.655
819.725 -44.775
820.029 26.328
820.332 9.396
820.636 39.868
820.939 57.859
821.243 37.563
821.546 -30.049
821.850 -63.692
822.153 29.531
822.457 39.585
822.760 -15.316
823.064 12.618
823.367 -17.480
823.671 56.938
823.974 20.265
824.278 25.714
824.582 -7.377
824.885 5.803
825.189 24.361
825.492 -9.490
825.796 16.597
826.099 8.965
826.403 -5.085
826.706 61.524
827.010 -9.330
827.313 30.111
827.617 24.705
827.920 42.569
828.224 59.229
828.527 7.616
828.831 -9.120
829.134 39.772
829.438 29.253
829.741 12.636
830.045 36.195
830.348 56.495
830.652 -1.782
830.956 48.883
831.259 44.647
831.563 24.365
831.866 -8.768
832.170 0.237
832.473 19.083
832.777 -8.654
833.080 2.194
833.384 23.707
833.687 13.853
833.991 24.442
834.294 3.107
834.598 -2.668
834.901 28.861
835.205 54.335
835.508 35.173
835.812 -0.743
836.115 51.693
836.419 39.334
836.722 13.176
837.026 -14.602
837.330 20.441
837.633 13.941
837.937 5.667
838.240 23.919
838.544 5.642
838.847 32.957
839.151 49.303
839.454 65.679
839.758 11.992
840.061 30.216
840.365 6.540
840.668 7.463
840.972 6.560
841.275 24.901
841.579 22.210
841.882 13.053
842.186 -23.882
842.489 2.926
842.793 14.084
843.097 19.713
843.400 24.439
843.704 62.052
844.007 12.354
844.311 42.547
844.614 -8.374
844.918 30.433
845.221 27.642
845.525 20.088
845.828 24.886
846.132 34.473
846.435 -11.342
846.739 42.182
847.042 6.807
847.346 39.347
847.649 32.646
847.953 31.686
848.256 48.909
848.560 94.839
848.863 44.119
849.167 42.163
849.471 24.952
849.774 -19.028
850.078 35.429
850.381 45.889
850.685 43.936
850.988 51.511
851.292 49.510
851.595 3.876
851.899 23.771
852.202 35.077
852.506 15.192
852.809 12.320
853.113 3.827
853.416 10.390
853.720 48.748
854.023 25.267
854.327 7.503
854.630 32.549
854.934 27.826
855.237 10.212
855.541 34.145
855.845 13.828
856.148 35.785
856.452 75.904
856.755 72.048
857.059 13.667
857.362 28.159
857.666 -19.884
857.969 16.283
858.273 28.875
858.576 5.419
858.880 4.508
859.183 12.569
859.487 25.973
859.790 13.413
860.094 -10.699
860.397 12.481
860.701 4.449
861.004 20.443
861.308 13.306
861.611 -54.085
861.915 18.592
862.219 49.546
862.522 -24.749
862.826 22.049
863.129 -1.782
863.433 8.789
863.736 36.948
864.040 14.058
864.343 26.380
864.647 -10.595
864.950 28.135
865.254 16.689
865.557 8.772
865.861 42.250
866.164 43.166
866.468 2.599
866.771 -15.067
867.075 23.821
867.378 41.539
867.682 -2.716
867.985 -27.566
868.289 21.271
868.593 -8.962
868.896 53.408
869.200 6.174
869.503 39.248
869.807 41.143
870.110 22.363
870.414 -9.082
870.717 42.296
871.021 28.820
871.324 50.635
871.628 100.725
871.931 6.274
872.235 17.237
872.538 -16.570
872.842 -38.637
873.145 -32.336
873.449 32.207
873.752 38.775
874.056 38.916
874.359 10.131
874.663 41.933
874.967 -2.938
875.270 7.389
875.574 -21.811
875.877 -3.917
876.181 18.818
876.484 40.731
876.788 37.032
877.091 6.542
877.395 23.816
877.698 25.780
878.002 5.620
878.305 7.559
878.609 36.619
878.912 -5.020
879.216 34.812
879.519 45.632
879.823 41.812
880.126 28.164
880.430 35.073
880.733 10.604
881.037 31.240
881.341 -31.662
881.644 -20.890
881.948 7.686
882.251 -24.886
882.555 84.853
882.858 10.677
883.162 47.401
883.465 15.668
883.769 54.447
884.072 -1.223
884.376 34.664
884.679 37.764
884.983 13.761
885.286 3.758
885.590 17.755
885.893 46.751
886.197 -9.252
886.500 -14.255
886.804 -3.259
887.107 5.738
887.411 9.735
887.715 -4.268
888.018 -6.272
888.322 19.725
888.625 23.722
888.929 33.718
889.232 8.715
889.536 30.712
889.839 60.708
890.143 26.705
890.446 -1.299
890.750 30.698
891.053 2.695
891.357 8.691
891.660 14.688
891.964 79.684
892.267 31.681
892.571 29.678
892.874 -17.326
893.178 20.671
893.482 -37.333
893.785 -7.336
894.089 12.660
894.392 29.657
894.696 -15.347
894.999 16.650
895.303 46.646
895.606 44.643
895.910 45.639
896.213 46.636
896.517 41.632
896.820 9.629
897.124 6.625
897.427 46.622
897.731 12.618
898.034 18.615
898.338 59.611
898.641 8.608
898.945 23.604
899.248 72.600
899.552 22.597
899.856 -0.407
900.159 35.590
900.463 -21.414
900.766 48.582
901.070 15.579
901.373 44.575
901.677 28.572
901.980 -6.432
902.284 24.564
902.587 -5.439
902.891 2.557
903.194 21.553
903.498 38.549
903.801 24.546
904.105 27.542
904.408 23.538
904.712 22.535
905.015 66.531
905.319 12.527
905.622 -2.477
905.926 15.520
906.230 24.516
906.533 35.512
906.837 -4.492
907.140 50.505
907.444 61.501
907.747 16.497
908.051 28.493
908.354 7.489
908.658 -36.515
908.961 2.482
909.265 44.478
909.568 -5.526
909.872 40.470
910.175 -5.534
910.479 6.462
910.782 26.458
911.086 -1.546
911.389 20.451
911.693 18.447
911.996 29.443
912.300 0.439
912.609 -10.565
912.918 14.431
913.227 4.427
913.537 4.423
913.846 30.419
914.155 -5.585
914.464 12.411
914.773 6.407
915.082 27.403
915.391 3.399
915.700 4.395
916.010 50.391
916.319 36.387
916.628 10.383
916.937 15.379
917.246 9.375
917.555 -4.629
917.864 32.367
918.174 16.362
918.483 39.358
918.792 47.354
919.101 25.350
919.410 23.346
919.719 33.342
920.028 20.338
920.337 23.333
920.647 -11.671
920.956 -13.675
921.265 52.321
921.574 42.317
921.883 0.313
922.192 58.308
922.501 -13.696
922.811 13.300
923.120 46.296
923.429 22.291
923.738 -9.713
924.047 22.283
924.356 58.279
924.665 26.274
924.974 50.270
925.284 81.266
925.593 13.261
925.902 33.257
926.211 34.253
926.520 -1.752
926.829 0.244
927.138 33.240
927.448 58.235
927.757 33.231
928.066 7.226
928.375 18.222
928.684 -0.782
928.993 -25.787
929.302 -26.791
929.611 -2.796
929.921 39.200
930.230 43.195
930.539 51.191
930.848 26.186
931.157 23.182
931.466 43.177
931.775 48.173
932.085 -4.832
932.394 54.164
932.703 -11.841
933.012 -0.845
933.321 49.150
933.630 3.145
933.939 -7.859
934.248 13.136
934.558 34.132
934.867 65.127
935.176 48.122
935.485 56.118
935.794 2.113
936.103 20.108
936.412 15.104
936.721 15.099
937.031 38.094
937.340 24.090
937.649 -8.915
937.958 42.080
938.267 11.075
938.576 -49.929
938.885 32.066
939.195 56.061
939.504 44.056
939.813 55.052
940.122 85.047
940.431 46.042
940.740 37.037
941.049 50.032
941.359 -34.973
941.668 29.023
941.977 59.018
942.286 58.013
942.595 38.008
942.904 26.003
943.213 63.998
943.522 78.993
943.832 12.988
944.141 -1.017
944.450 70.978
944.759 -6.027
945.068 53.968
945.377 53.963
945.686 73.958
945.995 -1.047
946.305 71.948
946.614 9.943
946.923 6.938
947.232 9.933
947.541 -45.072
947.850 20.923
948.159 29.918
948.469 64.913
948.778 7.908
949.087 48.902
949.396 10.897
949.705 -11.108
950.014 2.887
950.323 17.882
950.632 6.877
950.942 0.871
951.251 33.866
951.560 53.861
951.869 55.856
952.178 16.850
952.487 -0.155
952.796 -41.160
953.106 -17.165
953.415 -18.171
953.724 32.824
954.033 33.819
954.342 45.813
954.651 19.808
954.960 15.802
955.269 29.797
955.579 4.792
955.888 51.786
956.197 49.781
956.506 24.775
956.815 21.770
957.124 32.765
957.433 16.759
957.743 97.754
958.052 40.748
958.361 7.743
958.670 2.737
958.979 45.732
959.288 35.726
959.597 -20.280
959.906 24.715
960.216 34.709
960.525 54.704
960.834 45.698
961.143 16.692
961.452 -22.313
961.761 6.681
962.070 4.675
962.380 6.670
962.689 29.664
962.998 55.658
963.307 58.653
963.616 21.647
963.925 -17.359
964.234 5.635
964.543 8.630
964.853 24.624
965.162 -2.382
965.471 -22.388
965.780 -32.394
966.092 -6.400
966.404 42.595
966.716 1.589
967.028 -31.417
967.340 11.577
967.652 -6.429
967.964 33.565
968.276 -6.441
968.588 -22.447
968.900 8.547
969.212 17.541
969.524 49.535
969.836 37.529
970.148 7.523
970.460 57.517
970.772 48.511
971.084 11.505
971.396 0.499
971.708 15.493
972.020 56.487
972.332 44.481
972.644 6.474
972.956 21.468
973.268 17.462
973.580 -26.544
973.892 -22.550
974.204 23.443
974.516 50.437
974.828 -13.569
975.140 -14.575
975.452 31.418
975.764 61.412
976.076 26.406
976.388 34.399
976.700 20.393
977.012 15.387
977.324 32.380
977.636 30.374
977.948 49.368
978.260 65.361
978.572 69.355
978.884 -21.652
979.196 -6.658
979.508 21.335
979.820 13.329
980.132 21.322
980.444 -12.684
980.756 -33.691
981.068 14.303
981.380 62.296
981.692 36.289
982.004 -7.717
982.316 13.276
982.628 10.270
982.940 15.263
983.252 63.256
983.564 8.250
983.876 36.243
984.188 16.236
984.500 36.229
984.812 56.223
985.124 27.216
985.436 35.209
985.748 -8.798
986.060 -25.805
986.372 -19.811
986.684 44.182
986.996 23.175
987.308 43.168
987.620 2.161
987.932 -13.846
988.244 -4.853
988.556 -1.860
988.868 -2.867
989.180 11.126
989.492 -32.881
989.804 -25.888
990.116 59.105
990.428 23.098
990.740 2.091
991.052 14.084
991.364 -33.923
991.676 100.070
991.988 46.062
992.300 2.055
992.612 14.048
992.924 29.041
993.236 73.034
993.548 40.026
993.860 17.019
994.172 36.012
994.484 1.005
994.796 32.997
995.108 6.990
995.420 34.983
995.732 44.975
996.044 20.968
996.356 42.960
996.668 39.953
996.980 53.946
997.292 16.938
997.604 23.931
997.916 -15.077
998.228 33.916
998.540 -23.092
998.852 -17.100
999.164 19.893
999.476 28.885
999.788 35.878
1000.100 14.870
1000.412 10.862
1000.724 3.855
1001.036 10.847
1001.348 4.839
1001.660 5.832
1001.972 33.824
1002.284 25.816
1002.596 27.808
1002.908 48.801
1003.220 15.793
1003.532 44.785
1003.844 -12.223
1004.156 9.769
1004.468 -3.239
1004.780 36.753
1005.092 33.745
1005.404 59.737
1005.716 59.729
1006.028 71.721
1006.340 51.713
1006.652 40.705
1006.964 0.697
1007.276 -15.311
1007.588 14.681
1007.900 37.673
1008.212 -10.335
1008.524 7.657
1008.836 -18.352
1009.148 -8.360
1009.460 15.632
1009.772 48.624
1010.084 -47.385
1010.396 2.607
1010.708 -0.401
1011.020 21.591
1011.332 70.582
1011.644 52.574
1011.956 47.565
1012.268 14.557
1012.580 33.549
1012.892 65.540
1013.204 -36.468
1013.516 20.523
1013.828 31.515
1014.140 -2.494
1014.452 35.497
1014.764 -9.511
1015.076 23.480
1015.388 15.472
1015.700 47.463
1016.012 62.454
1016.324 23.446
1016.636 59.437
1016.948 73.428
1017.260 -4.581
1017.572 -42.589
1017.884 70.402
1018.196 17.393
1018.508 32.384
1018.820 8.375
1019.132 -8.634
1019.444 -5.643
1019.756 22.348
1020.068 50.339
1020.380 -18.670
1020.692 9.321
1021.004 11.312
1021.316 15.303
1021.628 46.294
1021.940 42.285
1022.252 15.276
1022.564 -29.733
1022.876 56.258
1023.188 -11.752
1023.500 42.239
1023.812 5.230
1024.124 19.221
1024.436 -14.789
1024.748 7.202
1025.060 17.193
1025.372 5.183
1025.684 1.174
1025.996 -21.835
1026.308 46.155
1026.620 63.146
1026.932 11.136
1027.244 -0.873
1027.556 61.117
1027.868 37.108
1028.180 -6.902
1028.492 -24.912
1028.804 45.079
1029.116 -12.931
1029.428 18.059
1029.740 20.050
1030.052 -4.960
1030.364 -3.970
1030.676 0.020
1030.988 42.011
1031.300 -21.999
1031.612 74.991
1031.924 23.981
1032.236 -24.029
1032.548 28.961
1032.860 64.951
1033.172 65.941
1033.484 15.931
1033.796 2.921
1034.108 46.911
1034.420 29.901
1034.732 -25.109
1035.044 -31.119
1035.356 -2.130
1035.668 65.860
1035.980 67.850
1036.292 36.840
1036.604 -14.171
1036.916 -15.181
1037.228 0.809
1037.540 6.798
1037.852 -10.212
1038.164 -11.222
1038.476 12.767
1038.788 21.757
1039.100 38.746
1039.412 41.736
1039.724 70.725
1040.036 22.715
1040.348 -16.296
1040.660 -25.307
1040.972 -1.317
1041.284 3.672
1041.596 -5.339
1041.908 -12.349
1042.220 29.640
1042.532 51.629
1042.844 19.618
1043.156 20.607
1043.468 19.596
1043.780 -0.415
1044.092 31.575
1044.404 41.564
1044.716 -9.447
1045.028 22.542
1045.340 23.531
1045.652 43.519
1045.964 26.508
1046.276 -2.503
1046.588 -85.514
1046.900 -51.525
1047.212 37.464
1047.524 72.452
1047.836 62.441
1048.148 84.430
1048.460 49.418
1048.772 42.407
1049.084 -5.604
1049.396 27.384
1049.708 16.373
1050.020 17.361
1050.332 4.350
1050.644 0.338
1050.956 28.327
1051.268 55.315
1051.580 49.303
1051.892 35.292
1052.204 9.280
1052.516 52.268
1052.828 -23.744
1053.140 -4.755
1053.452 -2.767
1053.764 49.221
1054.076 66.209
1054.388 33.197
1054.700 21.185
1055.012 42.173
1055.324 17.161
1055.636 19.149
1055.948 24.137
1056.260 -14.875
1056.572 54.113
1056.884 57.101
1057.196 89.088
1057.508 57.076
1057.820 64.064
1058.132 10.052
1058.444 19.039
1058.756 46.027
1059.068 -41.985
1059.380 18.002
1059.692 -21.010
1060.004 -12.023
1060.316 21.965
1060.628 66.952
1060.940 62.940
1061.252 -5.073
1061.564 31.914
1061.876 33.902
1062.188 28.889
1062.500 18.876
1062.812 57.863
1063.124 80.851
1063.436 4.838
1063.748 13.825
1064.060 26.812
1064.372 73.799
1064.684 25.786
1064.996 52.773
1065.308 7.760
1065.620 -0.253
1065.932 20.734
1066.244 39.721
1066.556 -3.293
1066.868 -23.306
1067.180 39.681
1067.492 43.668
1067.804 27.654
1068.116 10.641
1068.428 -10.372
1068.740 -17.386
1069.052 24.601
1069.364 67.587
1069.676 -1.426
1069.988 1.560
1070.300 7.546
1070.612 6.533
1070.924 -44.481
1071.236 -26.495
1071.548 -43.508
1071.860 -26.522
1072.172 90.464
1072.484 56.450
1072.796 -3.564
1073.108 -22.578
1073.420 -16.591
1073.732 25.395
1074.044 -7.619
1074.356 6.366
1074.668 19.352
1074.980 -2.662
1075.292 8.324
1075.604 36.310
1075.916 7.296
1076.228 -17.719
1076.540 -18.733
1076.852 46.253
1077.164 33.238
1077.476 42.224
1077.788 8.209
1078.100 7.195
1078.412 -6.820
1078.724 74.166
1079.036 31.151
1079.348 26.136
1079.660 28.122
1079.972 -30.893
1080.284 18.092
1080.596 3.078
1080.908 25.063
1081.220 53.048
1081.532 54.033
1081.844 28.018
1082.156 16.003
1082.468 22.988
1082.780 30.973
1083.092 42.958
1083.404 -20.057
1083.716 13.927
1084.028 38.912
1084.340 0.897
1084.652 -7.118
1084.964 -28.134
1085.276 14.851
1085.588 -5.164
1085.900 23.820
1086.212 13.805
1086.524 34.789
1086.836 -0.226
1087.148 16.758
1087.460 29.742
1087.772 -1.273
1088.084 -59.289
1088.396 60.695
1088.708 28.679
1089.020 -13.337
1089.332 -12.352
1089.644 -25.368
1089.956 -6.384
1090.268 18.600
1090.580 45.584
1090.892 9.568
1091.204 -12.449
1091.516 -17.465
1091.828 -61.481
1092.140 13.503
1092.465 7.487
1092.790 -34.530
1093.114 33.454
1093.439 -25.563
1093.764 -21.579
1094.089 -21.595
1094.414 -10.612
1094.739 29.371
1095.063 27.355
1095.388 6.338
1095.713 23.322
1096.038 -10.695
1096.363 37.288
1096.688 42.271
1097.012 5.254
1097.337 -2.763
1097.662 3.221
1097.987 12.204
1098.312 21.187
1098.637 -1.831
1098.961 17.152
1099.286 51.135
1099.611 47.118
1099.936 34.101
1100.261 24.084
1100.586 -39.934
1100.910 -14.951
1101.235 -33.969
1101.560 27.014
1101.885 16.997
1102.210 6.979
1102.535 -40.039
1102.859 -31.056
1103.184 19.926
1103.509 -6.091
1103.834 15.891
1104.159 -13.127
1104.484 19.855
1104.808 17.837
1105.133 -14.181
1105.458 -19.199
1105.783 1.784
1106.108 -7.235
1106.432 -1.253
1106.757 22.729
1107.082 -18.289
1107.407 -46.307
1107.732 -0.325
1108.057 -1.344
1108.381 -25.362
1108.706 -23.380
1109.031 2.601
1109.356 -12.417
1109.681 14.564
1110.006 58.546
1110.330 38.527
1110.655 -9.491
1110.980 25.490
1111.305 11.471
1111.630 -25.548
1111.955 -9.566
1112.279 81.415
1112.604 104.396
1112.929 64.377
1113.254 20.358
1113.579 0.339
1113.904 65.320
1114.228 37.301
1114.553 15.282
1114.878 29.262
1115.203 36.243
1115.528 94.224
1115.853 76.205
1116.177 18.185
1116.502 20.166
1116.827 48.146
1117.152 3.127
1117.477 3.107
1117.802 27.088
1118.126 36.068
1118.451 31.048
1118.776 18.029
1119.101 21.009
1119.426 -15.011
1119.751 8.969
1120.075 10.949
1120.400 0.930
1120.725 59.910
1121.050 6.890
1121.375 24.869
1121.699 23.849
1122.024 14.829
1122.349 55.809
1122.674 22.789
1122.999 20.768
1123.324 15.748
1123.648 22.728
1123.973 17.707
1124.298 2.687
1124.623 -8.334
1124.948 16.646
1125.273 6.625
1125.597 53.605
1125.922 10.584
1126.247 28.563
1126.572 25.543
1126.897 -9.478
1127.222 28.501
1127.546 -23.520
1127.871 -11.541
1128.196 -2.562
1128.521 12.417
1128.846 -4.604
1129.171 11.375
1129.495 -22.646
1129.820 46.333
1130.145 -25.689
1130.470 -21.710
1130.795 -26.731
1131.120 17.247
1131.444 -4.774
1131.769 28.205
1132.094 27.183
1132.419 7.162
1132.744 2.140
1133.069 50.118
1133.393 26.097
1133.718 1.075
1134.043 8.053
1134.368 -60.969
1134.693 11.010
1135.017 2.988
1135.342 25.966
1135.667 10.944
1135.992 4.922
1136.317 -6.100
1136.642 23.878
1136.966 44.856
1137.291 6.834
1137.616 39.811
1137.941 54.789
1138.266 15.767
1138.591 45.745
1138.915 23.722
1139.240 -16.300
1139.565 35.677
1139.890 -11.345
1140.215 24.632
1140.540 56.610
1140.864 29.587
1141.189 26.565
1141.514 47.542
1141.839 26.519
1142.164 9.496
1142.489 2.474
1142.813 24.451
1143.138 -21.572
1143.463 60.405
1143.788 32.382
1144.113 -3.641
1144.438 -27.664
1144.762 24.313
1145.087 12.290
1145.412 10.267
1145.737 -13.757
1146.062 25.220
1146.387 -19.803
1146.711 10.174
1147.036 21.150
1147.361 36.127
1147.686 3.103
1148.011 -39.920
1148.335 -22.944
1148.660 -2.967
1148.985 -8.991
1149.310 -13.014
1149.635 -2.038
1149.960 -31.062
1150.284 17.915
1150.609 9.891
1150.934 22.867
1151.259 -46.157
1151.584 -7.180
1151.909 -47.204
1152.233 -11.228
1152.558 -33.252
1152.883 8.724
1153.208 35.700
1153.533 56.676
1153.858 -7.348
1154.182 -11.372
1154.507 30.603
1154.832 -9.421
1155.157 -12.445
1155.482 -22.469
1155.807 -24.493
1156.131 22.482
1156.456 9.458
1156.781 62.433
1157.106 43.409
1157.431 26.385
1157.756 8.360
1158.080 16.336
1158.405 -7.689
1158.730 41.287
1159.055 -3.738
1159.380 29.237
1159.705 33.213
1160.029 61.188
1160.354 28.163
1160.679 3.139
1161.004 -1.886
1161.329 -27.911
1161.653 18.064
1161.978 -2.961
1162.303 40.015
1162.628 22.990
1162.953 24.965
1163.278 37.940
1163.602 0.915
1163.927 24.890
1164.252 -42.135
1164.577 -13.160
1164.902 3.815
1165.227 34.790
1165.551 1.765
1165.876 -14.260
1166.201 -3.286
1166.526 18.689
1166.851 -52.336
1167.176 -9.361
1167.500 25.614
1167.825 29.588
1168.150 -14.437
1168.475 17.538
1168.800 13.512
1169.125 52.487
1169.449 21.462
1169.774 8.436
1170.099 10.411
1170.424 4.386
1170.749 -49.640
1171.074 -32.665
1171.398 4.309
1171.723 29.284
1172.048 17.258
1172.373 28.233
1172.698 20.207
1173.023 18.182
1173.347 8.156
1173.672 8.131
1173.997 27.105
1174.322 -38.921
1174.647 13.054
1174.972 36.028
1175.296 -8.997
1175.621 45.977
1175.946 36.951
1176.271 52.926
1176.596 28.900
1176.920 -17.126
1177.245 28.849
1177.570 -17.177
1177.895 44.797
1178.220 18.772
1178.545 44.746
1178.869 16.720
1179.194 15.695
1179.519 4.669
1179.844 4.643
1180.169 -7.383
1180.494 -5.408
1180.818 -42.434
1181.143 -78.460
1181.468 34.515
1181.793 28.489
1182.118 65.463
1182.443 28.437
1182.767 23.412
1183.092 -27.614
1183.417 -14.640
1183.742 -3.665
1184.067 27.309
1184.392 2.283
1184.716 28.257
1185.041 -16.768
1185.366 -14.794
1185.691 15.180
1186.016 69.155
1186.341 76.129
1186.665 27.103
1186.990 -21.922
1187.315 -4.948
1187.640 32.027
1187.965 28.001
1188.290 19.975
1188.614 6.950
1188.939 13.924
1189.264 5.899
1189.589 -39.127
1189.914 48.847
1190.238 27.822
1190.563 -9.204
1190.888 49.771
1191.213 53.745
1191.538 61.720
1191.863 42.695
1192.187 8.669
1192.512 1.644
1192.837 -35.382
1193.162 -31.407
1193.487 -40.432
1193.812 -36.458
1194.136 -31.483
1194.461 -30.508
1194.786 19.467
1195.111 -9.559
1195.436 66.416
1195.761 24.391
1196.085 -39.634
1196.410 12.341
1196.735 29.316
1197.060 42.291
1197.385 25.266
1197.710 -4.759
1198.034 -4.784
1198.359 -3.809
1198.684 9.166
1199.009 7.141
1199.334 -2.883
1199.659 38.092
1199.983 39.067
1200.308 13.042
1200.633 8.018
1200.958 -2.007
1201.283 8.969
1201.608 3.944
1201.932 1.920
1202.257 -26.105
1202.582 4.871
1202.907 -14.154
1203.232 19.822
1203.556 -21.202
1203.881 3.774
1204.206 20.749
1204.531 11.725
1204.856 6.701
1205.181 25.677
1205.505 6.653
1205.830 -12.371
1206.155 1.606
1206.480 2.582
1206.805 43.558
1207.130 66.534
1207.454 -2.489
1207.779 -34.513
1208.104 -22.536
1208.429 33.440
1208.754 -7.583
1209.079 -11.607
1209.403 29.370
1209.728 -6.653
1210.053 58.324
1210.378 5.301
1210.703 40.278
1211.028 30.255
1211.352 -0.768
1211.677 29.209
1212.002 1.186
1212.327 2.163
1212.652 26.141
1212.977 46.118
1213.301 58.096
1213.626 41.073
1213.951 3.051
1214.276 28.029
1214.601 54.007
1214.926 3.984
1215.250 -14.038
1215.575 -42.060
1215.900 9.919
1216.225 -23.103
1216.550 62.875
1216.875 10.853
1217.199 -1.168
1217.524 24.810
1217.849 -15.211
1218.174 48.768
1218.499 -32.254
1218.823 -12.275
1219.148 28.704
1219.473 44.683
1219.798 -8.337
1220.123 -26.358
1220.448 5.621
1220.772 39.600
1221.097 0.580
1221.422 -13.440
1221.747 -15.461
1222.072 11.519
1222.397 38.499
1222.721 25.479
1223.046 0.459
1223.371 48.439
1223.696 -6.580
