165.214 7.360
165.472 41.360
165.730 29.360
165.987 50.359
166.245 64.359
166.503 63.359
166.761 44.358
167.019 44.358
167.277 70.358
167.534 69.357
167.792 54.357
168.050 79.357
168.308 54.356
168.566 39.356
168.824 68.356
169.081 78.355
169.339 28.355
169.597 21.355
169.855 11.354
170.113 15.354
170.371 30.354
170.628 31.353
170.886 37.353
171.144 87.353
171.402 70.352
171.660 54.352
171.917 55.351
172.175 40.351
172.433 45.351
172.691 37.350
172.949 13.350
173.207 3.350
173.464 44.349
173.722 62.349
173.980 49.349
174.238 32.348
174.496 69.348
174.754 61.348
175.011 15.347
175.269 31.347
175.527 31.347
175.785 22.346
176.043 68.346
176.301 54.346
176.558 49.345
176.816 65.345
177.074 52.345
177.332 62.344
177.590 79.344
177.848 34.344
178.105 37.343
178.363 32.343
178.621 80.343
178.879 83.342
179.137 38.342
179.395 30.342
179.652 28.341
179.910 47.341
180.168 36.340
180.426 24.340
180.684 49.340
180.942 71.339
181.199 45.339
181.457 -1.661
181.715 10.338
181.973 85.338
182.231 58.338
182.489 8.337
182.746 20.337
183.004 44.337
183.262 -5.664
183.520 31.336
183.778 97.336
184.036 105.335
184.293 47.335
184.551 42.334
184.809 47.334
185.067 35.334
185.325 34.333
185.583 16.333
185.840 43.333
186.098 63.332
186.356 34.332
186.614 51.332
186.872 109.331
187.130 98.331
187.387 43.331
187.645 32.330
187.903 25.330
188.161 25.330
188.419 61.329
188.677 67.329
188.934 38.328
189.192 69.328
189.450 84.328
189.708 47.327
189.966 27.327
190.224 5.327
190.481 39.326
190.739 40.326
190.997 47.326
191.255 75.325
191.513 76.325
191.771 79.324
192.028 61.324
192.286 52.324
192.544 48.323
192.802 25.323
193.060 28.323
193.317 46.322
193.575 66.322
193.833 52.322
194.091 57.321
194.349 61.321
194.607 83.320
194.864 48.320
195.122 72.320
195.380 58.319
195.638 36.319
195.896 53.319
196.154 77.318
196.411 22.318
196.669 31.318
196.927 79.317
197.185 40.317
197.443 1.316
197.701 47.316
197.958 67.316
198.216 14.315
198.474 44.315
198.732 94.315
198.990 90.314
199.248 90.085
199.505 97.085
199.763 73.084
200.021 83.084
200.279 88.083
200.537 21.083
200.795 27.082
201.052 14.082
201.310 42.081
201.568 68.081
201.826 83.080
202.084 79.080
202.342 38.079
202.599 11.079
202.857 52.078
203.115 81.078
203.373 97.077
203.631 82.077
203.889 49.076
204.146 38.076
204.404 61.075
204.662 30.075
204.920 45.074
205.178 52.074
205.436 77.073
205.693 87.073
205.951 68.072
206.209 68.072
206.467 72.071
206.725 79.071
206.983 65.070
207.240 4.070
207.498 8.069
207.756 42.069
208.014 70.068
208.272 65.068
208.530 51.067
208.787 84.067
209.045 56.066
209.303 33.066
209.561 48.065
209.819 65.065
210.077 81.064
210.334 98.064
210.592 82.063
210.850 50.063
211.108 62.062
211.366 83.062
211.624 64.061
211.881 67.061
212.139 77.060
212.397 51.060
212.655 48.059
212.913 87.058
213.170 64.058
213.428 35.057
213.686 104.057
213.944 87.056
214.202 48.056
214.460 41.055
214.717 49.055
214.975 39.054
215.233 63.054
215.491 96.053
215.749 63.053
216.007 57.052
216.264 91.052
216.522 74.051
216.780 71.051
217.038 42.050
217.296 70.050
217.554 53.049
217.811 32.049
218.069 27.048
218.327 28.048
218.585 38.047
218.843 35.047
219.101 38.046
219.358 68.045
219.616 62.045
219.874 67.044
220.132 38.044
220.390 49.043
220.648 39.043
220.905 46.042
221.163 63.042
221.421 57.041
221.679 98.041
221.937 107.040
222.195 38.040
222.452 1.039
222.710 12.039
222.968 62.038
223.226 82.038
223.484 39.037
223.742 63.036
223.999 103.036
224.257 78.035
224.515 43.035
224.773 31.034
225.031 35.034
225.289 53.033
225.546 43.033
225.804 22.032
226.062 57.032
226.320 84.031
226.578 39.031
226.836 38.030
227.093 44.030
227.351 48.029
227.609 18.028
227.867 58.028
228.125 92.027
228.383 64.027
228.640 80.026
228.898 72.026
229.156 80.025
229.414 53.025
229.672 31.024
229.930 63.024
230.187 48.023
230.445 49.022
230.703 75.022
230.961 87.021
231.219 116.021
231.477 75.020
231.734 -2.980
231.992 28.019
232.250 43.019
232.508 35.018
232.766 66.018
233.024 95.017
233.281 33.016
233.539 24.016
233.797 55.015
234.055 66.015
234.313 60.014
234.570 62.014
234.828 42.013
235.086 70.013
235.344 94.012
235.602 83.011
235.860 83.011
236.117 80.010
236.375 53.010
236.633 54.009
236.891 60.009
237.149 69.008
237.407 51.008
237.664 15.007
237.922 27.006
238.180 25.006
238.438 28.005
238.696 25.005
238.954 75.004
239.211 82.004
239.469 71.003
239.727 53.003
239.985 -18.998
240.243 -2.999
240.501 21.001
240.758 35.000
241.016 53.000
241.274 48.999
241.532 68.999
241.790 91.998
242.048 46.998
242.305 -27.003
242.563 20.996
242.821 47.996
243.079 11.995
243.337 3.995
243.595 49.994
243.852 108.994
244.110 92.993
244.368 73.992
244.626 59.992
244.884 63.991
245.142 53.991
245.399 56.990
245.657 54.990
245.915 26.989
246.173 36.988
246.431 55.988
246.689 89.987
246.946 23.987
247.204 21.986
247.462 47.986
247.720 79.985
247.978 102.984
248.236 75.984
248.493 14.983
248.751 40.983
249.009 62.982
249.267 83.981
249.525 71.981
249.783 87.980
250.040 70.980
250.298 79.979
250.556 67.979
250.814 42.978
251.072 47.977
251.330 79.977
251.587 81.976
251.845 96.976
252.103 111.975
252.361 43.974
252.619 63.974
252.877 69.973
253.134 61.973
253.392 54.972
253.650 26.972
253.910 36.971
254.170 83.970
254.430 88.970
254.690 62.969
254.950 65.969
255.209 73.968
255.469 83.967
255.729 70.967
255.989 15.966
256.249 3.966
256.509 5.965
256.769 38.964
257.029 101.964
257.289 89.963
257.549 64.963
257.809 42.962
258.069 91.962
258.328 65.961
258.588 39.960
258.848 58.960
259.108 37.959
259.368 40.959
259.628 52.958
259.888 58.957
260.148 56.957
260.408 43.956
260.668 44.956
260.928 69.955
261.187 84.954
261.447 47.954
261.707 81.953
261.967 71.953
262.227 51.952
262.487 61.951
262.747 76.951
263.007 79.950
263.267 61.949
263.527 18.949
263.787 52.948
264.047 72.948
264.306 84.947
264.566 97.946
264.826 51.946
265.086 29.945
265.346 36.945
265.606 22.944
265.866 -1.057
266.126 26.943
266.386 78.942
266.646 76.942
266.906 60.941
267.165 30.940
267.425 37.940
267.685 50.939
267.945 77.938
268.205 31.938
268.465 12.937
268.725 29.937
268.985 35.936
269.245 46.935
269.505 52.935
269.765 44.934
270.024 11.934
270.284 30.933
270.544 63.932
270.804 40.932
271.064 5.931
271.324 36.930
271.584 88.930
271.844 76.929
272.104 38.929
272.364 54.928
272.624 46.927
272.884 23.927
273.143 48.926
273.403 49.925
273.663 27.925
273.923 89.924
274.183 115.924
274.443 101.923
274.703 81.922
274.963 83.922
275.223 90.921
275.483 58.920
275.743 25.920
276.002 54.919
276.262 85.919
276.522 61.918
276.782 40.917
277.042 46.917
277.302 62.916
277.562 37.915
277.822 63.915
278.082 68.914
278.342 58.913
278.602 29.913
278.862 107.912
279.121 98.912
279.381 34.911
279.641 70.910
279.901 56.910
280.161 40.909
280.421 82.908
280.681 68.908
280.941 27.907
281.201 44.906
281.461 109.906
281.721 103.905
281.980 55.904
282.240 67.904
282.500 79.903
282.760 54.903
283.020 77.902
283.280 84.901
283.540 50.901
283.800 51.900
284.060 87.899
284.320 45.899
284.580 36.898
284.840 70.897
285.099 57.897
285.359 67.896
285.619 35.895
285.879 50.895
286.139 66.894
286.399 52.893
286.659 41.893
286.919 51.892
287.179 47.891
287.439 17.891
287.699 29.890
287.958 53.889
288.218 59.889
288.478 81.888
288.738 46.887
288.998 92.887
289.258 97.886
289.518 45.885
289.778 27.885
290.038 30.884
290.298 13.884
290.558 25.883
290.818 19.882
291.077 30.882
291.337 32.881
291.597 55.880
291.857 59.880
292.117 51.879
292.377 69.878
292.637 59.878
292.897 82.877
293.157 99.876
293.417 78.875
293.677 33.875
293.936 42.874
294.196 68.873
294.456 73.873
294.716 63.872
294.976 75.871
295.236 75.871
295.496 76.870
295.756 80.869
296.016 31.869
296.276 15.868
296.536 60.867
296.796 77.867
297.055 86.866
297.315 102.865
297.575 65.865
297.835 55.864
298.095 5.863
298.355 13.863
298.615 62.862
298.875 51.861
299.135 78.861
299.395 67.860
299.655 53.859
299.914 49.859
300.174 27.858
300.434 58.857
300.694 63.856
300.954 41.856
301.214 37.855
301.474 23.854
301.734 38.854
301.994 93.853
302.254 45.852
302.514 38.852
302.773 59.851
303.033 34.850
303.293 73.850
303.553 70.849
303.813 63.848
304.073 70.847
304.333 37.847
304.593 60.846
304.853 50.845
305.113 54.845
305.373 61.844
305.633 38.843
305.892 39.843
306.152 76.842
306.412 89.841
306.672 85.840
306.932 50.840
307.192 45.839
307.452 66.838
307.712 82.838
307.972 70.837
308.232 55.836
308.492 0.836
308.751 -1.165
309.011 78.834
309.271 54.833
309.531 59.833
309.791 78.832
310.051 40.831
310.311 65.831
310.571 73.830
310.831 43.829
311.091 51.828
311.351 49.828
311.611 65.827
311.870 68.826
312.130 69.826
312.390 49.825
312.650 12.824
312.910 45.823
313.170 60.823
313.434 39.822
313.698 39.821
313.963 68.821
314.227 77.820
314.491 42.819
314.755 63.818
315.019 77.818
315.284 94.817
315.548 77.816
315.812 62.816
316.076 60.815
316.340 40.814
316.604 47.813
316.869 77.813
317.133 104.812
317.397 54.811
317.661 28.810
317.925 67.810
318.190 70.809
318.454 71.808
318.718 57.807
318.982 45.807
319.246 44.806
319.511 49.805
319.775 88.805
320.039 59.804
320.303 46.803
320.567 91.802
320.832 133.802
321.096 134.801
321.360 28.800
321.624 42.799
321.888 27.799
322.153 17.798
322.417 57.797
322.681 50.796
322.945 73.796
323.209 92.795
323.473 69.794
323.738 48.793
324.002 61.793
324.266 62.792
324.530 59.791
324.794 44.790
325.059 42.790
325.323 75.789
325.587 37.788
325.851 59.787
326.115 63.787
326.380 41.786
326.644 44.785
326.908 38.784
327.172 9.784
327.436 15.783
327.701 49.782
327.965 90.781
328.229 66.781
328.493 47.780
328.757 42.779
329.022 31.778
329.286 23.778
329.550 39.777
329.814 94.776
330.078 79.775
330.342 15.775
330.607 41.774
330.871 30.773
331.135 55.772
331.399 36.772
331.663 40.771
331.928 80.770
332.192 33.769
332.456 26.768
332.720 66.768
332.984 60.767
333.249 21.766
333.513 33.765
333.777 20.765
334.041 38.764
334.305 83.763
334.570 99.762
334.834 58.762
335.098 44.761
335.362 69.760
335.626 47.759
335.891 50.758
336.155 84.758
336.419 63.757
336.683 23.756
336.947 31.755
337.211 67.755
337.476 46.754
337.740 53.753
338.004 69.752
338.268 69.751
338.532 67.751
338.797 66.750
339.061 43.749
339.325 25.748
339.589 45.747
339.853 37.747
340.118 65.746
340.382 51.745
340.646 23.744
340.910 36.744
341.174 75.743
341.439 88.742
341.703 40.741
341.967 42.740
342.231 55.740
342.495 30.739
342.759 55.738
343.024 93.737
343.288 74.736
343.552 53.736
343.816 73.735
344.080 96.734
344.345 75.733
344.609 60.732
344.873 87.732
345.137 95.731
345.401 66.730
345.666 45.729
345.930 24.728
346.194 26.728
346.458 31.727
346.722 11.726
346.987 16.725
347.251 55.724
347.515 52.724
347.779 54.723
348.043 39.722
348.308 31.721
348.572 37.720
348.836 71.719
349.100 70.719
349.364 35.718
349.628 28.717
349.893 49.716
350.157 62.715
350.421 99.715
350.685 103.714
350.949 100.713
351.214 50.712
351.478 36.711
351.742 59.710
352.006 56.710
352.270 46.709
352.535 40.708
352.799 32.707
353.063 39.706
353.327 72.705
353.591 52.705
353.856 18.704
354.120 34.703
354.384 89.702
354.648 98.701
354.912 72.701
355.177 55.700
355.441 62.699
355.705 84.698
355.969 83.697
356.233 66.696
356.497 33.695
356.762 33.695
357.026 81.694
357.290 47.693
357.554 61.692
357.818 84.691
358.083 87.690
358.347 66.690
358.611 44.689
358.875 24.688
359.139 64.687
359.404 79.686
359.668 68.685
359.932 50.685
360.196 68.684
360.460 62.683
360.725 60.682
360.989 84.681
361.253 54.680
361.517 97.679
361.781 99.679
362.046 65.678
362.310 55.677
362.574 65.676
362.838 72.675
363.102 47.674
363.366 37.673
363.631 45.673
363.895 49.672
364.159 29.671
364.423 43.670
364.687 44.669
364.952 21.668
365.216 44.667
365.480 57.667
365.747 74.666
366.013 83.665
366.280 95.664
366.546 81.663
366.813 32.662
367.079 -11.339
367.346 34.660
367.612 3.660
367.879 52.659
368.145 84.658
368.412 60.657
368.678 50.656
368.945 93.655
369.211 79.654
369.478 35.654
369.744 42.653
370.011 44.652
370.278 49.651
370.544 68.650
370.811 84.649
371.077 85.648
371.344 56.647
371.610 63.646
371.877 64.646
372.143 55.645
372.410 59.644
372.676 36.643
372.943 63.642
373.209 37.641
373.476 43.640
373.742 68.639
374.009 92.638
374.276 56.638
374.542 32.637
374.809 65.636
375.075 55.635
375.342 51.634
375.608 52.633
375.875 13.632
376.141 57.631
376.408 100.630
376.674 104.629
376.941 22.629
377.207 46.628
377.474 12.627
377.740 11.626
378.007 48.625
378.273 77.624
378.540 67.623
378.807 26.622
379.073 21.621
379.340 50.620
379.606 32.620
379.873 18.619
380.139 25.618
380.406 44.617
380.672 75.616
380.939 63.615
381.205 50.614
381.472 69.613
381.738 87.612
382.005 37.611
382.271 47.610
382.538 52.609
382.804 59.609
383.071 65.608
383.338 68.607
383.604 55.606
383.871 62.605
384.137 43.604
384.404 40.603
384.670 37.602
384.937 39.601
385.203 47.600
385.470 51.599
385.736 55.598
386.003 73.597
386.269 49.596
386.536 62.596
386.802 42.595
387.069 26.594
387.336 30.593
387.602 50.592
387.869 56.591
388.135 49.590
388.402 77.589
388.668 112.588
388.935 56.587
389.201 40.586
389.468 32.585
389.734 42.584
390.001 72.583
390.267 59.582
390.534 68.581
390.800 65.580
391.067 58.580
391.333 31.579
391.600 53.578
391.867 78.577
392.133 80.576
392.400 74.575
392.666 74.574
392.933 70.573
393.199 36.572
393.466 8.571
393.732 52.570
393.999 58.569
394.265 40.568
394.532 92.567
394.798 79.566
395.065 27.565
395.331 26.564
395.598 61.563
395.864 55.562
396.131 80.561
396.398 117.560
396.664 59.559
396.931 4.558
397.197 17.557
397.464 40.556
397.730 47.555
397.997 40.555
398.263 59.554
398.530 40.553
398.796 62.552
399.063 90.551
399.329 100.550
399.596 99.549
399.862 61.548
400.129 43.547
400.396 76.546
400.662 82.545
400.929 40.544
401.195 44.543
401.462 47.542
401.728 63.541
401.995 79.540
402.261 85.539
402.528 60.538
402.794 74.537
403.061 96.536
403.327 55.535
403.594 37.534
403.860 83.533
404.127 106.532
404.393 61.531
404.660 65.530
404.934 42.529
405.207 23.528
405.481 50.527
405.754 85.526
406.028 90.525
406.301 62.524
406.575 48.523
406.848 50.522
407.122 71.521
407.395 66.520
407.669 67.519
407.942 83.518
408.216 71.517
408.489 55.516
408.763 17.515
409.036 38.514
409.310 69.513
409.583 77.512
409.857 71.511
410.130 74.510
410.404 90.509
410.677 39.508
410.951 40.507
411.224 51.506
411.498 42.504
411.771 41.503
412.045 57.502
412.318 76.501
412.592 58.500
412.865 59.499
413.139 52.498
413.412 38.497
413.686 52.496
413.959 71.495
414.233 54.494
414.506 22.493
414.780 -8.508
415.053 42.491
415.327 71.490
415.600 58.489
415.874 38.488
416.147 69.487
416.421 65.486
416.694 34.485
416.968 33.484
417.241 96.483
417.515 92.482
417.788 46.481
418.062 37.480
418.335 83.479
418.609 77.477
418.882 31.476
419.156 31.475
419.429 77.474
419.703 84.473
419.976 77.472
420.250 74.471
420.524 75.470
420.797 111.469
421.071 83.468
421.344 64.467
421.618 64.466
421.891 59.465
422.165 73.464
422.438 41.463
422.712 34.462
422.985 89.460
423.259 87.459
423.532 68.458
423.806 81.457
424.079 85.456
424.353 77.455
424.626 57.454
424.900 63.453
425.173 111.452
425.447 116.451
425.720 96.450
425.994 99.449
426.267 84.448
426.541 44.446
426.814 31.445
427.088 51.444
427.361 52.443
427.635 87.442
427.908 72.441
428.182 43.440
428.455 73.439
428.729 70.438
429.002 55.437
429.276 59.436
429.549 44.434
429.823 22.433
430.096 48.432
430.370 61.431
430.643 85.430
430.917 54.429
431.190 35.428
431.464 57.427
431.737 62.426
432.011 45.425
432.284 71.423
432.558 39.422
432.831 25.421
433.105 76.420
433.378 111.419
433.652 83.418
433.925 81.417
434.199 89.416
434.472 77.414
434.746 41.413
435.019 63.412
435.293 82.411
435.566 56.410
435.840 69.409
436.118 60.408
436.395 64.407
436.673 41.405
436.951 64.404
437.228 77.403
437.506 97.402
437.784 92.401
438.061 58.400
438.339 57.399
438.617 87.398
438.894 102.396
439.172 105.395
439.450 134.394
439.727 131.393
440.005 39.392
440.283 48.391
440.560 91.390
440.838 111.388
441.115 129.387
441.393 102.386
441.671 121.385
441.948 112.384
442.226 94.383
442.504 103.382
442.781 75.380
443.059 53.379
443.337 85.378
443.614 82.377
443.892 46.376
444.170 65.375
444.447 121.373
444.725 99.372
445.003 64.371
445.280 75.370
445.558 113.369
445.836 111.368
446.113 83.366
446.391 101.365
446.669 86.364
446.946 68.363
447.224 83.362
447.502 92.084
447.779 73.067
448.057 45.133
448.335 69.937
448.612 83.769
448.890 70.788
449.168 66.753
449.445 74.680
449.723 85.496
450.001 66.683
450.278 66.682
450.556 95.394
450.834 129.056
451.111 97.371
451.389 79.548
451.666 104.300
451.944 95.482
452.222 92.508
452.499 118.275
452.777 73.748
453.055 54.952
453.332 109.678
453.610 107.795
453.888 104.914
454.165 59.155
454.443 73.184
454.721 83.246
454.998 83.328
455.276 92.512
455.554 73.620
455.831 33.492
456.109 39.561
456.387 83.994
456.664 90.132
456.942 70.091
457.220 70.161
457.497 41.904
457.775 78.494
458.053 106.119
458.330 54.291
458.608 47.209
458.886 76.927
459.163 50.419
459.441 34.093
459.719 80.233
459.996 71.156
460.274 69.173
460.552 89.819
460.829 93.000
461.107 86.909
461.384 84.933
461.662 67.458
461.940 86.140
462.217 56.207
462.495 67.663
462.773 116.367
463.050 72.918
463.328 45.993
463.606 53.261
463.883 77.223
464.161 104.249
464.439 83.458
464.716 34.636
464.994 55.446
465.272 82.500
465.549 62.728
465.827 45.037
466.105 62.725
466.382 68.967
466.660 50.236
466.938 51.275
467.215 47.062
467.493 60.574
467.771 52.257
468.048 85.431
468.326 87.416
468.604 89.489
468.881 79.032
469.159 72.738
469.437 68.525
469.714 65.421
469.992 37.421
470.270 31.196
470.547 43.521
470.825 96.972
471.102 130.787
471.380 119.358
471.658 93.593
471.935 34.070
472.213 55.528
472.491 37.027
472.768 13.518
473.046 66.511
473.324 74.588
473.601 45.009
473.879 87.645
474.157 75.372
474.434 61.096
474.712 73.190
474.990 76.152
475.267 46.798
475.545 75.061
475.823 72.963
476.100 71.879
476.378 65.824
476.656 86.925
476.933 118.174
477.211 100.027
477.489 59.643
477.766 63.670
478.044 56.563
478.322 27.386
478.599 30.403
478.877 103.842
479.155 93.781
479.432 83.719
479.710 75.669
479.988 55.547
480.265 41.461
480.543 41.502
480.820 61.641
481.098 76.746
481.376 102.023
481.653 45.570
481.931 52.626
482.209 49.650
482.486 46.621
482.764 27.475
483.042 -3.843
483.319 -5.867
483.597 27.527
483.875 11.331
484.152 62.000
484.430 102.525
484.708 68.076
484.985 71.186
485.263 57.044
485.541 56.027
485.818 59.072
486.096 37.789
486.374 47.950
486.651 54.046
486.929 60.203
487.207 108.015
487.484 91.737
487.762 73.424
488.040 62.232
488.317 37.855
488.595 41.926
488.873 50.072
489.150 76.547
489.428 98.949
489.706 94.874
489.983 87.744
490.261 116.256
490.539 105.053
490.816 59.227
491.094 28.646
491.371 70.354
491.649 43.903
491.927 45.889
492.204 72.311
492.482 73.251
492.760 66.143
493.037 66.074
493.315 127.810
493.593 134.900
493.870 100.349
494.148 47.668
494.426 63.845
494.703 28.425
494.981 36.468
495.259 65.663
495.536 102.857
495.814 103.758
496.092 85.562
496.369 50.334
496.647 78.366
496.925 43.216
497.202 33.161
497.480 58.127
497.758 55.015
498.035 87.860
498.313 66.855
498.591 45.892
498.868 81.549
499.146 53.689
499.424 31.830
499.701 18.926
499.979 58.413
500.257 64.277
500.534 87.794
500.812 110.344
501.089 69.919
501.367 79.594
501.645 96.181
501.922 85.229
502.200 45.998
502.478 13.743
502.755 44.887
503.033 84.561
503.311 94.086
503.588 90.034
503.866 68.623
504.144 45.368
504.421 36.590
504.699 67.199
504.977 74.653
505.254 39.204
505.532 64.781
505.810 82.621
506.087 56.895
506.365 95.449
506.643 84.820
506.920 60.166
507.198 20.670
507.476 41.152
507.753 56.918
508.031 55.828
508.309 92.743
508.586 74.924
508.864 89.462
509.142 111.273
509.419 126.548
509.697 91.548
509.975 94.946
510.252 88.396
510.530 68.172
510.808 54.448
511.085 70.638
511.363 112.966
511.640 82.102
511.918 52.250
512.196 72.885
512.473 89.889
512.751 99.682
513.029 80.757
513.306 54.746
513.584 34.087
513.862 35.877
514.139 65.505
514.417 63.710
514.695 98.686
514.972 131.987
515.250 62.023
515.528 36.931
515.805 38.764
516.083 46.053
516.361 51.513
516.638 22.646
516.916 77.989
517.194 105.282
517.471 76.381
517.749 69.233
518.027 62.971
518.304 40.233
518.582 70.525
518.860 98.176
519.137 100.101
519.415 72.685
519.693 111.527
519.970 139.432
520.248 112.757
520.526 70.372
520.803 65.802
521.081 26.925
521.358 61.336
521.636 75.345
521.914 61.504
522.191 52.232
522.469 66.285
522.747 61.672
523.024 38.342
523.302 80.511
523.580 66.527
523.857 51.530
524.135 52.515
524.413 92.939
524.690 92.937
524.968 77.912
525.246 78.924
525.523 86.441
525.801 59.184
526.079 50.771
526.356 74.288
526.634 43.242
526.912 34.774
527.189 63.936
527.467 91.215
527.745 70.518
528.022 65.812
528.300 47.937
528.578 61.106
528.855 89.326
529.133 74.273
529.411 86.501
529.688 62.040
529.966 74.268
530.244 104.468
530.521 72.452
530.799 87.516
531.077 93.252
531.354 61.205
531.632 72.582
531.909 66.984
532.187 60.429
532.465 59.539
532.742 83.268
533.020 96.615
533.298 39.817
533.575 57.018
533.853 75.166
534.131 53.361
534.408 58.242
534.686 54.520
534.964 78.615
535.241 107.611
535.519 87.586
535.797 53.055
536.074 29.923
536.352 47.438
536.630 70.852
536.907 54.436
537.185 63.321
537.463 53.668
537.740 36.141
538.018 78.409
538.296 111.993
538.573 108.165
538.851 56.108
539.129 58.136
539.406 89.812
539.684 103.747
539.962 100.878
540.239 103.950
540.517 112.980
540.795 72.375
541.072 75.352
541.350 105.142
541.627 80.314
541.905 40.631
542.183 28.701
542.460 47.586
542.738 59.453
543.016 85.271
543.293 79.311
543.571 43.559
543.849 70.300
544.126 108.989
544.404 101.051
544.682 79.224
544.959 73.269
545.237 68.307
545.515 69.298
545.792 93.013
546.070 125.717
546.353 104.903
546.637 38.499
546.920 47.464
547.204 74.248
547.487 68.293
547.770 57.379
548.054 60.413
548.337 79.279
548.621 84.243
548.904 78.361
549.187 84.323
549.471 91.370
549.754 65.498
550.038 68.550
550.321 66.622
550.604 90.639
550.888 70.677
551.171 48.768
551.455 75.815
551.738 72.886
552.021 108.920
552.305 98.005
552.588 50.960
552.871 78.118
553.155 66.135
553.438 36.018
553.722 81.370
554.005 58.265
554.288 79.512
554.572 106.863
554.855 81.692
555.139 92.906
555.422 94.011
555.705 107.290
555.989 111.457
556.272 81.081
556.556 65.902
556.839 68.004
557.122 78.186
557.406 105.786
557.689 94.668
557.973 67.184
558.256 65.205
558.539 102.013
558.823 90.857
559.106 89.923
559.390 115.536
559.673 105.396
559.956 63.343
560.240 105.501
560.523 102.419
560.807 109.716
561.090 116.909
561.373 78.880
561.657 64.490
561.940 29.544
562.223 50.097
562.507 113.816
562.790 89.148
563.074 93.257
563.357 122.032
563.640 87.087
563.924 51.061
564.207 115.741
564.491 172.207
564.774 108.439
565.057 109.462
565.341 99.102
565.624 78.608
565.908 66.311
566.191 65.218
566.474 89.781
566.758 115.250
567.041 81.505
567.325 42.605
567.608 46.689
567.891 101.741
568.175 143.576
568.458 119.982
568.742 113.864
569.025 106.618
569.308 76.066
569.592 62.762
569.875 56.656
570.159 90.133
570.442 95.116
570.725 45.367
571.009 46.334
571.292 92.985
571.576 86.810
571.859 52.307
572.142 48.256
572.426 77.528
572.709 111.791
572.992 124.920
573.276 112.683
573.559 85.350
573.843 75.267
574.126 64.112
574.409 81.148
574.693 96.237
574.976 99.153
575.260 87.003
575.543 56.881
575.826 72.870
576.110 85.821
576.393 89.737
576.677 104.750
576.960 87.643
577.249 104.641
577.538 77.562
577.827 84.468
578.115 62.448
578.404 49.485
578.693 77.322
578.982 92.168
579.271 67.291
579.560 95.055
579.848 111.951
580.137 102.009
580.426 93.961
580.715 78.070
581.004 113.818
581.293 84.933
581.581 82.947
581.870 105.763
582.159 85.919
582.448 87.901
582.737 145.439
583.026 103.770
583.314 67.062
583.603 96.822
583.892 83.923
584.181 50.191
584.470 89.960
584.759 116.771
585.048 115.891
585.336 114.894
585.625 85.156
585.914 29.462
586.203 46.392
586.492 55.409
586.781 105.258
587.069 117.336
587.358 92.477
587.647 104.462
587.936 95.565
588.225 92.563
588.514 122.683
588.802 87.734
589.091 37.632
589.380 35.661
589.669 25.681
589.958 24.698
590.247 59.968
590.536 94.300
590.824 100.448
591.113 91.456
591.402 97.712
591.691 94.769
591.980 52.267
592.269 76.683
592.557 85.905
592.846 112.440
593.135 117.644
593.424 100.330
593.713 80.043
594.002 80.041
594.290 111.639
594.579 107.669
594.868 67.871
595.157 52.562
595.446 61.744
595.735 87.252
596.023 100.412
596.312 101.430
596.601 78.921
596.890 71.717
597.179 61.479
597.468 97.963
597.757 83.578
598.045 59.200
598.334 84.330
598.623 71.125
598.912 67.958
599.201 99.980
599.490 115.826
599.778 115.707
600.067 107.474
600.356 96.279
600.645 75.168
600.934 82.969
601.223 104.732
601.511 64.878
601.800 76.693
602.089 108.267
602.378 104.102
602.667 79.343
602.956 97.981
603.244 91.977
603.533 73.202
603.822 41.694
604.111 77.055
604.400 84.828
604.689 64.217
604.978 84.740
605.266 90.621
605.555 84.736
605.844 68.980
606.133 57.224
606.422 51.346
606.711 80.726
606.999 72.888
607.288 65.051
607.577 54.275
607.866 56.231
608.155 94.427
608.444 109.116
608.732 88.546
609.021 75.811
609.310 50.343
609.599 40.547
609.888 63.071
610.177 89.514
610.466 119.874
610.754 114.974
611.043 88.528
611.332 70.895
611.621 42.490
611.910 38.570
612.199 78.724
612.487 81.660
612.776 62.069
613.065 73.820
613.354 61.085
613.643 37.576
613.932 37.574
614.220 63.037
614.509 50.253
614.798 90.368
615.087 71.774
615.376 76.664
615.665 97.210
615.953 106.014
616.242 119.710
616.531 98.181
616.820 102.093
617.109 113.832
617.398 77.702
617.687 60.990
617.975 53.160
618.264 74.684
618.553 82.509
618.842 70.765
619.131 60.978
619.420 55.105
619.708 80.543
619.997 65.863
620.286 72.710
620.575 113.804
620.864 104.892
621.153 84.362
621.441 67.742
621.730 80.447
622.019 89.155
622.308 62.786
622.597 28.604
622.886 27.598
623.174 43.205
623.463 57.837
623.752 90.916
624.041 65.573
624.330 96.760
624.619 84.087
624.908 97.634
625.196 74.263
625.485 18.759
625.774 54.784
626.063 79.047
626.352 86.827
626.641 72.233
626.929 76.047
627.218 73.058
627.507 56.551
627.796 49.704
628.085 52.561
628.374 66.963
628.662 88.152
628.951 88.944
629.240 112.723
629.529 124.981
629.818 74.859
630.107 62.237
630.396 71.504
630.684 58.976
630.973 45.531
631.262 30.305
631.551 77.987
631.840 84.150
632.129 61.530
632.417 40.892
632.706 62.858
632.995 96.513
633.284 64.106
633.573 31.994
633.862 41.840
634.150 93.948
634.439 70.248
634.728 44.927
635.017 69.742
635.306 65.936
635.595 46.255
635.883 79.728
636.172 96.270
636.461 67.929
636.750 62.535
637.039 76.525
637.328 111.543
637.617 139.611
637.905 98.381
638.194 90.484
638.483 71.246
638.772 105.577
639.061 86.394
639.350 31.870
639.638 2.772
639.927 18.704
640.216 73.765
640.505 79.297
640.794 100.916
641.083 83.296
641.371 64.683
641.660 63.956
641.949 87.571
642.238 62.490
642.527 49.103
642.816 41.045
643.104 79.476
643.393 62.308
643.682 64.312
643.971 94.933
644.260 93.347
644.549 94.442
644.838 52.958
645.126 63.336
645.415 72.839
645.704 52.461
645.993 69.427
646.282 78.078
646.571 56.566
646.859 49.169
647.148 67.235
647.437 53.192
647.726 76.104
648.015 99.103
648.304 64.046
648.592 57.467
648.881 51.822
649.170 63.446
649.459 61.641
649.748 76.295
650.037 115.125
650.326 110.500
650.614 127.217
650.903 96.333
651.192 72.152
651.481 72.290
651.770 132.964
652.059 143.995
652.347 81.468
652.636 52.076
652.925 45.286
653.214 39.416
653.503 85.888
653.792 83.994
654.080 82.096
654.369 99.006
654.658 73.333
654.947 90.268
655.236 59.571
655.525 70.561
655.813 68.639
656.102 73.684
656.391 86.716
656.680 55.861
656.969 35.934
657.258 58.908
657.547 62.964
657.835 94.055
658.124 90.048
658.413 82.120
658.702 78.109
658.991 34.052
659.280 0.949
659.568 34.080
659.857 64.197
660.146 86.283
660.435 82.347
660.724 89.379
661.013 61.235
661.301 53.192
661.590 27.085
661.879 48.209
662.168 72.351
662.457 63.294
662.746 85.423
663.034 83.408
663.323 41.152
663.612 45.173
663.901 82.393
664.190 84.402
664.479 63.272
664.768 65.281
665.056 81.375
665.345 70.306
665.634 90.423
665.923 76.259
666.212 80.276
666.501 64.192
666.789 54.085
667.078 59.102
667.367 29.982
667.656 13.901
667.945 9.886
668.234 67.054
668.522 134.118
668.811 106.059
669.100 45.936
669.389 66.908
669.678 69.907
669.967 79.834
670.256 56.831
670.544 54.773
670.833 44.780
671.122 92.637
671.411 93.632
671.700 53.655
671.989 88.459
672.277 81.483
672.566 67.469
672.855 61.434
673.144 29.622
673.433 42.499
673.722 44.482
674.010 42.451
674.299 85.106
674.588 92.947
674.877 43.390
675.166 25.522
675.455 48.244
675.743 45.273
676.032 67.953
676.321 27.436
676.610 41.226
676.899 73.799
677.188 66.820
677.477 55.968
677.765 59.910
678.054 75.611
678.343 56.889
678.632 48.956
678.921 24.346
679.210 23.336
679.498 18.416
679.787 57.744
680.076 66.525
680.365 60.628
680.654 52.766
680.943 43.879
681.231 57.615
681.520 18.339
681.809 -8.134
682.098 25.196
682.387 45.781
682.676 23.206
682.964 69.236
683.253 97.636
683.542 47.682
683.831 31.028
684.120 44.693
684.409 55.453
684.698 54.471
684.986 80.966
685.275 71.168
685.564 62.350
685.853 79.977
686.142 113.274
686.431 113.271
686.719 103.473
687.008 69.190
687.297 41.762
687.586 26.088
687.875 35.879
688.164 58.402
688.452 50.564
688.741 54.478
689.030 17.256
689.319 15.279
689.608 71.049
689.897 24.079
690.186 30.925
690.474 49.512
690.763 35.810
691.052 17.216
691.341 36.818
691.630 91.663
691.919 122.022
692.207 92.635
692.496 75.002
692.785 60.366
693.074 37.814
693.363 31.928
693.652 36.863
693.940 39.803
694.229 62.371
694.518 80.111
694.807 93.860
695.096 78.216
695.385 23.148
695.673 45.805
695.962 48.755
696.251 34.972
696.540 48.796
696.835 57.716
697.130 67.575
697.425 47.847
697.720 14.327
698.015 9.388
698.310 -4.441
698.605 29.153
698.900 77.568
699.195 94.456
699.490 81.594
699.785 39.097
700.080 43.054
700.375 20.298
700.670 36.152
700.965 60.986
701.260 23.284
701.555 20.324
701.850 64.015
702.145 81.886
702.440 96.874
702.735 76.990
703.030 49.202
703.324 59.148
703.619 51.236
703.914 60.196
704.209 68.160
704.504 50.228
704.799 56.257
705.094 73.202
705.389 77.187
705.684 66.216
705.979 60.230
706.274 53.300
706.569 40.323
706.864 94.305
707.159 56.339
707.454 21.371
707.749 105.388
708.044 140.384
708.339 115.381
708.634 52.377
708.929 67.440
709.224 68.506
709.519 52.470
709.814 41.486
710.109 23.428
710.404 21.440
710.699 56.576
710.994 68.690
711.289 82.756
711.584 79.817
711.879 75.789
712.174 63.713
712.469 75.858
712.764 67.798
713.059 25.498
713.354 55.761
713.649 90.032
713.944 93.052
714.239 63.814
714.534 50.705
714.829 49.693
715.124 3.318
715.419 18.435
715.714 51.698
716.009 39.597
716.304 69.905
716.598 69.901
716.893 64.917
717.188 87.136
717.483 61.942
717.778 35.684
718.073 47.875
718.368 51.923
718.663 47.915
718.958 23.594
719.253 55.118
719.548 64.326
719.843 35.874
720.138 58.332
720.433 82.793
720.728 63.486
721.023 100.319
721.318 78.864
721.613 13.501
721.908 15.542
722.203 44.213
722.498 31.926
722.793 62.692
723.088 87.278
723.383 71.905
723.678 77.103
723.973 57.611
724.268 34.017
724.563 39.141
724.858 65.804
725.153 64.774
725.448 81.180
725.743 61.625
726.038 26.785
726.333 48.297
726.628 51.314
726.923 32.886
727.218 40.006
727.513 21.596
727.808 32.806
728.103 79.707
728.398 58.215
728.693 63.307
728.988 83.605
729.283 80.464
729.578 54.971
729.873 30.577
730.167 47.800
730.462 51.804
730.757 67.958
731.052 60.800
731.347 61.808
731.642 48.596
731.937 9.149
732.232 21.266
732.527 30.322
732.822 56.497
733.117 91.682
733.412 95.706
733.707 64.418
734.002 74.399
734.297 89.380
734.592 77.250
734.887 66.147
735.182 98.206
735.477 73.079
735.772 50.001
736.067 41.955
736.362 46.898
736.657 80.826
736.952 76.753
737.247 28.864
737.542 53.760
737.837 70.617
738.132 62.652
738.427 55.628
738.722 14.868
739.017 29.744
739.312 56.552
739.607 76.333
739.902 112.043
740.197 57.418
740.492 51.467
740.787 29.629
741.082 70.219
741.377 74.101
741.672 23.628
741.967 63.150
742.262 71.967
742.557 74.850
742.852 60.053
743.147 50.137
743.442 34.369
743.736 22.542
744.031 43.184
744.326 51.054
744.621 48.097
744.916 61.811
745.211 60.823
745.506 66.718
745.801 51.964
746.096 34.227
746.391 63.692
746.686 49.935
746.981 75.397
747.276 50.858
747.571 39.077
747.866 40.995
748.161 40.991
748.456 45.888
748.751 74.242
749.046 88.929
749.341 82.068
749.636 79.048
749.931 54.581
750.226 58.490
750.521 88.819
750.816 45.761
751.111 56.520
751.406 34.988
751.701 27.156
751.996 22.259
752.291 58.458
752.586 63.345
752.881 20.288
753.176 25.176
753.471 74.094
753.766 88.767
754.061 77.096
754.356 79.050
754.651 49.662
754.946 34.966
755.241 34.961
755.536 50.627
755.831 71.191
756.126 41.762
756.421 52.520
756.716 62.300
757.010 93.607
757.305 73.054
757.600 56.415
757.895 33.905
758.190 -12.076
758.485 25.089
758.780 95.534
759.075 75.960
759.370 71.063
759.665 96.498
759.960 79.937
760.255 59.364
760.550 43.689
760.845 53.530
761.140 48.623
761.435 25.114
761.730 22.186
762.025 14.323
762.320 45.797
762.615 63.491
762.910 39.887
763.205 50.748
763.500 81.255
763.802 18.276
764.104 48.813
764.406 61.616
764.708 44.906
765.010 45.887
765.312 24.186
765.615 40.986
765.917 23.212
766.219 32.123
766.521 55.834
766.823 16.303
767.125 21.259
767.427 33.124
767.729 55.923
768.031 103.443
768.333 101.458
768.635 107.499
768.937 113.441
769.239 69.828
769.542 96.678
769.844 74.847
770.146 91.707
770.448 104.702
770.750 110.655
771.052 119.706
771.354 162.444
771.656 159.616
771.958 190.456
772.260 230.481
772.562 266.598
772.864 267.857
773.166 286.813
773.468 297.084
773.771 318.376
774.073 351.722
774.375 376.117
774.677 423.206
774.979 444.688
775.281 449.145
775.583 494.817
775.885 536.018
776.187 532.527
776.489 483.713
776.791 464.034
777.093 523.023
777.395 543.748
777.698 482.613
778.000 459.817
778.302 448.119
778.604 425.241
778.906 428.713
779.208 369.184
779.510 361.415
779.812 363.814
780.114 392.722
780.416 356.746
780.718 294.733
781.020 265.346
781.322 256.391
781.625 267.930
781.927 216.642
782.229 172.711
782.531 154.383
782.833 114.412
783.135 125.853
783.437 125.977
783.739 125.069
784.041 95.233
784.343 107.736
784.645 132.686
784.947 102.765
785.249 50.999
785.552 48.969
785.854 84.357
786.156 81.317
786.458 63.687
786.760 29.337
787.062 45.019
787.364 45.060
787.666 14.766
787.968 48.283
788.270 103.883
788.572 75.654
788.874 102.095
789.176 85.354
789.478 36.966
789.781 46.443
790.083 67.583
790.385 52.865
790.687 39.172
790.989 28.625
791.291 80.556
791.593 89.119
791.895 80.629
792.197 74.339
792.499 17.007
792.801 30.834
793.103 71.210
793.405 71.279
793.708 69.145
794.010 74.537
794.312 56.487
794.614 61.877
794.916 104.559
795.218 126.032
795.520 85.519
795.822 45.989
796.124 34.242
796.426 75.044
796.728 40.747
797.030 34.332
797.332 22.498
797.635 56.961
797.937 76.412
798.239 68.936
798.541 20.408
798.843 61.438
799.145 82.038
799.447 71.298
799.749 51.810
800.051 61.544
800.353 81.105
800.655 61.597
800.957 65.995
801.259 75.749
801.562 55.135
801.864 58.382
802.166 85.583
802.468 76.890
802.770 26.937
803.072 42.131
803.374 77.955
803.676 91.076
803.978 55.199
804.280 34.540
804.582 14.984
804.884 54.150
805.186 67.274
805.488 14.979
805.791 34.618
806.093 47.749
806.395 56.537
806.697 99.261
806.999 115.665
807.301 101.546
807.603 68.680
807.905 61.073
808.207 51.253
808.509 43.562
808.811 85.267
809.113 130.408
809.415 124.907
809.718 106.218
810.020 44.721
810.322 72.217
810.624 75.593
810.926 84.396
811.228 108.737
811.530 91.089
811.834 45.928
812.137 38.237
812.441 60.329
812.744 80.299
813.048 73.736
813.351 100.418
813.655 119.390
813.958 32.812
814.262 15.063
814.565 86.262
814.869 116.417
815.172 68.525
815.476 59.675
815.779 98.797
816.083 98.789
816.386 36.322
816.690 5.035
816.993 26.309
817.297 47.631
817.600 75.735
817.904 46.599
818.208 57.892
818.511 75.882
818.815 62.446
819.118 65.890
819.422 62.571
819.725 74.978
820.029 29.823
820.332 27.558
820.636 21.907
820.939 34.275
821.243 68.089
821.546 115.301
821.850 83.574
822.153 50.924
822.457 63.191
822.760 46.263
823.064 56.196
823.367 80.562
823.671 50.319
823.974 47.984
824.278 82.034
824.582 66.353
824.885 60.644
825.189 51.694
825.492 9.034
825.796 14.425
826.099 58.743
826.403 59.559
826.706 40.025
827.010 58.028
827.313 59.903
827.617 45.904
827.920 46.759
828.224 14.975
828.527 27.483
828.831 71.202
829.134 55.305
829.438 61.280
829.741 40.401
830.045 33.040
830.348 67.662
830.652 77.562
830.956 40.687
831.259 61.706
831.563 31.299
831.866 46.181
832.170 44.948
832.473 75.516
832.777 74.148
833.080 75.816
833.384 76.416
833.687 59.483
833.991 67.908
834.294 50.216
834.598 38.451
834.901 36.349
835.205 34.236
835.508 57.696
835.812 72.469
836.115 53.396
836.419 58.731
836.722 38.971
837.026 38.820
837.330 25.778
837.633 7.328
837.937 35.662
838.240 51.115
838.544 24.579
838.847 47.318
839.151 60.916
839.454 59.999
839.758 44.523
840.061 57.307
840.365 6.303
840.668 -11.957
840.972 60.292
841.275 97.975
841.579 55.039
841.882 61.635
842.186 24.830
842.489 37.866
842.793 52.834
843.097 28.743
843.400 40.966
843.704 46.740
844.007 86.294
844.311 71.450
844.614 30.057
844.918 16.848
845.221 36.797
845.525 99.596
845.828 97.873
846.132 52.250
846.435 37.966
846.739 33.214
847.042 86.743
847.346 73.421
847.649 96.379
847.953 66.706
848.256 36.076
848.560 48.508
848.863 48.500
849.167 57.050
849.471 26.449
849.774 43.649
850.078 48.375
850.381 63.587
850.685 51.126
850.988 30.116
851.292 25.298
851.595 23.366
851.899 25.210
852.202 32.722
852.506 29.848
852.809 51.433
853.113 89.898
853.416 85.965
853.720 66.052
854.023 61.190
854.327 77.771
854.630 71.975
854.934 68.989
855.237 30.036
855.541 -3.234
855.845 30.774
856.148 60.012
856.452 60.753
856.755 87.014
857.059 73.133
857.362 42.139
857.666 36.586
857.969 38.319
858.273 37.340
858.576 52.566
858.880 53.362
859.183 85.545
859.487 58.526
859.790 46.795
860.094 33.323
860.397 42.198
860.701 55.460
861.004 58.069
861.308 41.986
861.611 9.139
861.915 17.980
862.219 43.620
862.522 49.718
862.826 71.731
863.129 50.496
863.433 51.324
863.736 56.552
864.040 22.213
864.343 0.198
864.647 45.084
864.950 79.407
865.254 78.518
865.557 38.050
865.861 38.923
866.164 46.003
866.468 74.214
866.771 36.350
867.075 30.185
867.378 44.362
867.682 34.681
867.985 28.492
868.289 75.645
868.593 68.586
868.896 49.092
869.200 40.206
869.503 55.462
869.807 49.330
870.110 81.725
870.414 117.941
870.717 75.764
871.021 62.342
871.324 70.655
871.628 80.829
871.931 50.940
872.235 1.800
872.538 0.881
872.842 17.388
873.145 24.809
873.449 50.723
873.752 49.929
874.056 51.964
874.359 84.718
874.663 56.909
874.967 14.885
875.270 51.572
875.574 60.191
875.877 48.064
876.181 51.035
876.484 41.665
876.788 69.420
877.091 78.213
877.395 102.398
877.698 55.514
878.002 18.093
878.305 27.770
878.609 30.745
878.912 32.734
879.216 91.097
879.519 73.809
879.823 31.951
880.126 48.590
880.430 28.107
880.733 -5.215
881.037 31.116
881.341 46.869
881.644 33.157
881.948 5.566
882.251 47.022
882.555 58.974
882.858 50.111
883.162 60.120
883.465 80.031
883.769 66.183
884.072 59.273
884.376 50.407
884.679 51.548
884.983 49.537
885.286 71.526
885.590 81.515
885.893 110.504
886.197 88.493
886.500 46.482
886.804 32.471
887.107 51.460
887.411 69.449
887.715 86.438
888.018 85.427
888.322 59.416
888.625 69.405
888.929 86.394
889.232 49.383
889.536 24.372
889.839 52.361
890.143 27.349
890.446 60.338
890.750 65.327
891.053 42.315
891.357 42.304
891.660 83.293
891.964 65.281
892.267 48.270
892.571 69.259
892.874 59.247
893.178 40.236
893.482 38.224
893.785 34.213
894.089 68.201
894.392 19.190
894.696 28.178
894.999 41.167
895.303 39.155
895.606 37.143
895.910 51.132
896.213 77.120
896.517 65.108
896.820 64.096
897.124 65.085
897.427 70.073
897.731 49.061
898.034 38.049
898.338 50.037
898.641 69.025
898.945 67.014
899.248 46.002
899.552 24.990
899.856 115.978
900.159 85.966
900.463 70.954
900.766 86.941
901.070 56.929
901.373 22.917
901.677 43.905
901.980 27.893
902.284 20.881
902.587 84.868
902.891 129.856
903.194 34.844
903.498 60.832
903.801 89.819
904.105 68.807
904.408 34.794
904.712 9.782
905.015 28.770
905.319 11.757
905.622 49.745
905.926 44.732
906.230 36.720
906.533 49.707
906.837 39.694
907.140 55.682
907.444 58.669
907.747 11.656
908.051 28.644
908.354 69.631
908.658 54.618
908.961 75.605
909.265 64.593
909.568 47.580
909.872 20.567
910.175 42.554
910.479 38.541
910.782 42.528
911.086 66.515
911.389 57.502
911.693 102.489
911.996 88.476
912.300 64.463
912.609 43.450
912.918 40.436
913.227 47.423
913.537 60.410
913.846 76.397
914.155 63.383
914.464 29.370
914.773 26.357
915.082 47.343
915.391 75.330
915.700 48.317
916.010 23.303
916.319 54.290
916.628 49.276
916.937 39.263
917.246 33.249
917.555 40.235
917.864 43.222
918.174 67.208
918.483 45.194
918.792 24.181
919.101 42.167
919.410 58.153
919.719 43.139
920.028 51.126
920.337 31.112
920.647 60.098
920.956 63.084
921.265 64.070
921.574 72.056
921.883 30.042
922.192 20.028
922.501 21.014
922.811 35.000
923.120 57.985
923.429 47.971
923.738 22.957
924.047 1.943
924.356 37.928
924.665 56.914
924.974 61.900
925.284 -4.115
925.593 23.871
925.902 38.857
926.211 15.842
926.520 32.828
926.829 40.813
927.138 67.798
927.448 39.784
927.757 -1.231
928.066 21.755
928.375 30.740
928.684 27.725
928.993 26.710
929.302 9.695
929.611 49.681
929.921 51.666
930.230 48.651
930.539 41.636
930.848 36.621
931.157 56.606
931.466 45.591
931.775 16.576
932.085 44.561
932.394 70.546
932.703 56.530
933.012 36.515
933.321 79.500
933.630 91.485
933.939 39.469
934.248 5.454
934.558 38.439
934.867 18.423
935.176 17.408
935.485 80.392
935.794 92.377
936.103 90.361
936.412 72.346
936.721 45.330
937.031 60.314
937.340 52.299
937.649 81.283
937.958 87.267
938.267 36.251
938.576 27.236
938.885 23.220
939.195 21.204
939.504 39.188
939.813 62.172
940.122 65.156
940.431 34.140
940.740 98.124
941.049 61.107
941.359 49.091
941.668 105.075
941.977 75.059
942.286 35.043
942.595 46.026
942.904 52.010
943.213 39.994
943.522 20.977
943.832 10.961
944.141 48.944
944.450 68.928
944.759 66.911
945.068 76.894
945.377 67.878
945.686 14.861
945.995 28.844
946.305 60.827
946.614 45.811
946.923 61.794
947.232 93.777
947.541 91.760
947.850 46.743
948.159 64.726
948.469 43.709
948.778 36.692
949.087 59.675
949.396 30.658
949.705 -7.360
950.014 21.623
950.323 44.606
950.632 72.589
950.942 42.571
951.251 76.554
951.560 94.536
951.869 73.519
952.178 41.501
952.487 65.484
952.796 41.466
953.106 31.448
953.415 83.431
953.724 79.413
954.033 51.395
954.342 57.377
954.651 31.360
954.960 26.342
955.269 27.324
955.579 58.306
955.888 44.288
956.197 3.270
956.506 46.251
956.815 68.233
957.124 75.215
957.433 67.197
957.743 52.179
958.052 55.160
958.361 39.142
958.670 66.123
958.979 90.105
959.288 46.087
959.597 26.068
959.906 9.049
960.216 37.031
960.525 44.012
960.834 69.993
961.143 49.975
961.452 12.956
961.761 15.937
962.070 15.918
962.380 31.899
962.689 30.880
962.998 34.861
963.307 83.842
963.616 29.823
963.925 13.804
964.234 47.784
964.543 34.765
964.853 25.746
965.162 38.727
965.471 81.707
965.780 51.688
966.092 53.668
966.404 53.649
966.716 19.629
967.028 41.609
967.340 63.590
967.652 46.570
967.964 38.550
968.276 59.530
968.588 52.511
968.900 50.491
969.212 81.471
969.524 72.451
969.836 49.431
970.148 24.411
970.460 95.390
970.772 72.370
971.084 36.350
971.396 89.330
971.708 85.309
972.020 48.289
972.332 75.268
972.644 52.248
972.956 37.227
973.268 47.207
973.580 26.186
973.892 52.165
974.204 45.145
974.516 57.124
974.828 83.103
975.140 81.082
975.452 53.061
975.764 64.040
976.076 69.019
976.388 57.998
976.700 82.977
977.012 81.956
977.324 58.934
977.636 47.913
977.948 28.892
978.260 30.870
978.572 32.849
978.884 28.827
979.196 20.806
979.508 24.784
979.820 33.763
980.132 32.741
980.444 24.719
980.756 33.697
981.068 31.675
981.380 20.653
981.692 34.631
982.004 52.609
982.316 18.587
982.628 24.565
982.940 39.543
983.252 58.521
983.564 70.498
983.876 41.476
984.188 54.454
984.500 53.431
984.812 30.409
985.124 27.386
985.436 24.363
985.748 37.341
986.060 30.318
986.372 23.295
986.684 34.272
986.996 52.249
987.308 42.226
987.620 14.203
987.932 -4.820
988.244 7.157
988.556 46.134
988.868 32.111
989.180 -10.913
989.492 35.064
989.804 54.040
990.116 75.017
990.428 58.993
990.740 55.970
991.052 0.946
991.364 8.922
991.676 44.899
991.988 7.875
992.300 34.851
992.612 46.827
992.924 64.803
993.236 80.779
993.548 43.755
993.860 31.730
994.172 24.706
994.484 31.682
994.796 48.657
995.108 48.633
995.420 27.609
995.732 56.584
996.044 100.559
996.356 61.535
996.668 25.510
996.980 43.485
997.292 46.460
997.604 24.435
997.916 53.410
998.228 37.385
998.540 13.360
998.852 56.335
999.164 102.310
999.476 41.284
999.788 33.259
1000.100 77.234
1000.412 52.208
1000.724 1.182
1001.036 13.157
1001.348 21.131
1001.660 75.105
1001.972 90.080
1002.284 53.054
1002.596 25.028
1002.908 50.002
1003.220 54.976
1003.532 14.949
1003.844 45.923
1004.156 58.897
1004.468 41.871
1004.780 34.844
1005.092 34.818
1005.404 15.791
1005.716 29.765
1006.028 65.738
1006.340 28.711
1006.652 32.684
1006.964 9.657
1007.276 -9.369
1007.588 14.604
1007.900 29.576
1008.212 52.549
1008.524 46.522
1008.836 31.495
1009.148 54.467
1009.460 33.440
1009.772 38.412
1010.084 53.385
1010.396 6.357
1010.708 -1.670
1011.020 10.302
1011.332 48.274
1011.644 46.246
1011.956 41.218
1012.268 71.190
1012.580 85.162
1012.892 42.134
1013.204 58.105
1013.516 57.077
1013.828 46.049
1014.140 60.020
1014.452 101.992
1014.764 54.963
1015.076 52.934
1015.388 40.905
1015.700 78.877
1016.012 46.848
1016.324 13.819
1016.636 51.790
1016.948 57.760
1017.260 44.731
1017.572 49.702
1017.884 70.672
1018.196 59.643
1018.508 19.614
1018.820 2.584
1019.132 9.554
1019.444 13.524
1019.756 45.495
1020.068 87.465
1020.380 80.435
1020.692 57.405
1021.004 59.375
1021.316 60.344
1021.628 47.314
1021.940 37.284
1022.252 40.253
1022.564 46.223
1022.876 17.192
1023.188 54.161
1023.500 74.131
1023.812 44.100
1024.124 8.069
1024.436 36.038
1024.748 68.007
1025.060 42.976
1025.372 19.945
1025.684 42.913
1025.996 54.882
1026.308 36.850
1026.620 63.819
1026.932 59.787
1027.244 29.755
1027.556 8.724
1027.868 34.692
1028.180 81.660
1028.492 69.628
1028.804 52.596
1029.116 57.563
1029.428 81.531
1029.740 112.499
1030.052 90.466
1030.364 50.434
1030.676 44.401
1030.988 24.368
1031.300 3.336
1031.612 -7.697
1031.924 49.270
1032.236 76.237
1032.548 18.204
1032.860 18.170
1033.172 38.137
1033.484 40.104
1033.796 36.070
1034.108 14.037
1034.420 31.003
1034.732 3.969
1035.044 -2.065
1035.356 23.901
1035.668 72.867
1035.980 51.833
1036.292 41.799
1036.604 55.765
1036.916 21.730
1037.228 14.696
1037.540 23.661
1037.852 58.627
1038.164 55.592
1038.476 53.557
1038.788 9.522
1039.100 33.487
1039.412 25.452
1039.724 19.417
1040.036 32.382
1040.348 24.347
1040.660 31.311
1040.972 52.276
1041.284 6.240
1041.596 28.204
1041.908 36.168
1042.220 50.133
1042.532 69.097
1042.844 59.060
1043.156 8.024
1043.468 6.988
1043.780 23.952
1044.092 23.915
1044.404 24.879
1044.716 52.842
1045.028 66.805
1045.340 40.768
1045.652 26.731
1045.964 6.694
1046.276 31.657
1046.588 40.620
1046.900 8.583
1047.212 -2.455
1047.524 40.508
1047.836 133.470
1048.148 190.432
1048.460 86.395
1048.772 50.357
1049.084 -11.681
1049.396 -34.719
1049.708 28.242
1050.020 51.204
1050.332 32.166
1050.644 11.127
1050.956 18.089
1051.268 63.050
1051.580 36.011
1051.892 20.972
1052.204 19.933
1052.516 -24.106
1052.828 -6.145
1053.140 73.815
1053.452 97.776
1053.764 61.736
1054.076 -22.303
1054.388 12.657
1054.700 43.617
1055.012 42.577
1055.324 -2.463
1055.636 3.497
1055.948 34.457
1056.260 49.417
1056.572 93.376
1056.884 51.336
1057.196 -23.705
1057.508 18.254
1057.820 55.213
1058.132 45.172
1058.444 -16.869
1058.756 1.090
1059.068 2.049
1059.380 36.007
1059.692 75.966
1060.004 35.924
1060.316 36.882
1060.628 41.841
1060.940 -1.201
1061.252 0.757
1061.564 46.714
1061.876 61.672
1062.188 57.630
1062.500 55.587
1062.812 45.545
1063.124 58.502
1063.436 63.459
1063.748 21.416
1064.060 46.373
1064.372 32.330
1064.684 27.287
1064.996 48.243
1065.308 39.200
1065.620 52.156
1065.932 57.112
1066.244 11.069
1066.556 22.025
1066.868 29.981
1067.180 -5.064
1067.492 17.892
1067.804 51.848
1068.116 77.803
1068.428 34.759
1068.740 25.714
1069.052 57.669
1069.364 51.624
1069.676 35.579
1069.988 43.534
1070.300 44.488
1070.612 39.443
1070.924 51.397
1071.236 54.352
1071.548 73.306
1071.860 63.260
1072.172 96.214
1072.484 111.168
1072.796 45.121
1073.108 1.075
1073.420 19.028
1073.732 48.982
1074.044 19.935
1074.356 13.888
1074.668 31.841
1074.980 33.794
1075.292 67.747
1075.604 83.699
1075.916 23.652
1076.228 28.604
1076.540 41.557
1076.852 47.509
1077.164 37.461
1077.476 52.413
1077.788 49.365
1078.100 32.316
1078.412 25.268
1078.724 23.219
1079.036 30.170
1079.348 27.122
1079.660 12.073
1079.972 13.024
1080.284 48.974
1080.596 87.925
1080.908 110.876
1081.220 34.826
1081.532 -15.224
1081.844 20.726
1082.156 23.677
1082.468 22.626
1082.780 8.576
1083.092 4.526
1083.404 58.475
1083.716 25.425
1084.028 -1.626
1084.340 -0.677
1084.652 32.272
1084.964 51.221
1085.276 41.170
1085.588 40.119
1085.900 4.067
1086.212 5.015
1086.524 56.964
1086.836 50.912
1087.148 45.860
1087.460 36.808
1087.772 23.755
1088.084 21.703
1088.396 17.650
1088.708 -10.402
1089.020 19.545
1089.332 30.492
1089.644 39.439
1089.956 37.386
1090.268 37.332
1090.580 10.279
1090.892 20.225
1091.204 28.171
1091.516 -0.882
1091.828 -1.936
1092.140 63.009
1092.465 85.955
1092.790 95.901
1093.114 103.846
1093.439 27.792
1093.764 -0.263
1094.089 19.682
1094.414 1.627
1094.739 28.571
1095.063 33.516
1095.388 29.461
1095.713 36.405
1096.038 45.349
1096.363 79.293
1096.688 65.237
1097.012 53.181
1097.337 47.125
1097.662 56.068
1097.987 79.012
1098.312 86.955
1098.637 103.898
1098.961 90.841
1099.286 57.784
1099.611 25.727
1099.936 34.669
1100.261 19.612
1100.586 34.554
1100.910 60.496
1101.235 41.438
1101.560 40.380
1101.885 56.322
1102.210 52.263
1102.535 79.205
1102.859 37.146
1103.184 -10.913
1103.509 22.028
1103.834 37.969
1104.159 20.910
1104.484 17.851
1104.808 41.791
1105.133 61.731
1105.458 77.672
1105.783 33.612
1106.108 21.552
1106.432 44.491
1106.757 51.431
1107.082 3.370
1107.407 -3.690
1107.732 43.249
1108.057 87.188
1108.381 67.127
1108.706 45.066
1109.031 65.004
1109.356 60.943
1109.681 14.881
1110.006 11.819
1110.330 21.757
1110.655 13.695
1110.980 17.633
1111.305 22.571
1111.630 26.508
1111.955 37.445
1112.279 -5.617
1112.604 13.320
1112.929 -0.743
1113.254 8.193
1113.579 16.130
1113.904 11.066
1114.228 43.003
1114.553 72.939
1114.878 42.875
1115.203 37.811
1115.528 53.746
1115.853 66.682
1116.177 26.618
1116.502 20.553
1116.827 15.488
1117.152 31.423
1117.477 42.358
1117.802 42.293
1118.126 23.227
1118.451 39.162
1118.776 26.096
1119.101 -13.970
1119.426 -29.036
1119.751 12.898
1120.075 49.832
1120.400 22.765
1120.725 23.699
1121.050 48.632
1121.375 31.565
1121.699 12.498
1122.024 21.431
1122.349 42.363
1122.674 63.296
1122.999 30.228
1123.324 12.161
1123.648 38.093
1123.973 -25.975
1124.298 19.956
1124.623 87.888
1124.948 41.820
1125.273 51.751
1125.597 41.682
1125.922 9.613
1126.247 -22.456
1126.572 -24.525
1126.897 30.406
1127.222 13.336
1127.546 13.267
1127.871 62.197
1128.196 49.127
1128.521 57.057
1128.846 38.987
1129.171 32.916
1129.495 31.846
1129.820 6.775
1130.145 56.705
1130.470 67.634
1130.795 55.563
1131.120 16.491
1131.444 27.420
1131.769 39.349
1132.094 13.277
1132.419 6.205
1132.744 25.133
1133.069 36.061
1133.393 41.989
1133.718 41.917
1134.043 44.844
1134.368 25.772
1134.693 41.699
1135.017 36.626
1135.342 32.553
1135.667 28.480
1135.992 -31.594
1136.317 5.333
1136.642 41.259
1136.966 18.186
1137.291 23.112
1137.616 43.038
1137.941 14.964
1138.266 20.890
1138.591 31.815
1138.915 33.741
1139.240 30.666
1139.565 34.591
1139.890 36.516
1140.215 50.441
1140.540 39.366
1140.864 37.290
1141.189 16.215
1141.514 24.139
1141.839 31.064
1142.164 0.988
1142.489 19.912
1142.813 44.836
1143.138 50.759
1143.463 38.683
1143.788 30.606
1144.113 36.530
1144.438 11.453
1144.762 -1.624
1145.087 -22.701
1145.412 -36.778
1145.737 15.145
1146.062 11.067
1146.387 20.990
1146.711 65.912
1147.036 53.834
1147.361 22.756
1147.686 50.678
1148.011 20.600
1148.335 0.522
1148.660 12.443
1148.985 42.365
1149.310 8.286
1149.635 12.207
1149.960 36.128
1150.284 57.049
1150.609 49.970
1150.934 56.891
1151.259 34.812
1151.584 31.732
1151.909 61.652
1152.233 35.573
1152.558 61.493
1152.883 51.413
1153.208 61.333
1153.533 54.253
1153.858 33.172
1154.182 23.092
1154.507 -0.988
1154.832 -10.069
1155.157 3.850
1155.482 0.769
1155.807 -5.312
1156.131 14.607
1156.456 46.526
1156.781 -5.555
1157.106 -13.636
1157.431 31.282
1157.756 61.201
1158.080 33.119
1158.405 26.037
1158.730 -2.045
1159.055 6.873
1159.380 28.791
1159.705 69.709
1160.029 70.627
1160.354 26.545
1160.679 -0.538
1161.004 36.380
1161.329 67.297
1161.653 39.214
1161.978 35.132
1162.303 33.049
1162.628 20.966
1162.953 22.883
1163.278 18.800
1163.602 -12.284
1163.927 -25.367
1164.252 16.550
1164.577 48.466
1164.902 38.383
1165.227 62.299
1165.551 63.215
1165.876 44.132
1166.201 28.048
1166.526 17.964
1166.851 22.880
1167.176 49.796
1167.500 9.712
1167.825 16.628
1168.150 33.543
1168.475 39.459
1168.800 22.375
1169.125 3.290
1169.449 -7.794
1169.774 -26.879
1170.099 -46.964
1170.424 -9.048
1170.749 -10.133
1171.074 18.782
1171.398 40.697
1171.723 19.612
1172.048 14.527
1172.373 1.442
1172.698 -9.643
1173.023 -3.728
1173.347 3.187
1173.672 31.102
1173.997 41.017
1174.322 36.931
1174.647 57.846
1174.972 34.761
1175.296 1.675
1175.621 2.590
1175.946 4.505
1176.271 0.419
1176.596 -3.666
1176.920 -12.752
1177.245 12.163
1177.570 19.077
1177.895 22.991
1178.220 27.906
1178.545 12.820
1178.869 23.734
1179.194 -10.351
1179.519 28.563
1179.844 72.477
1180.169 7.392
1180.494 39.306
1180.818 33.220
1181.143 7.134
1181.468 -11.951
1181.793 -1.037
1182.118 53.877
1182.443 58.791
1182.767 37.706
1183.092 -24.380
1183.417 25.534
1183.742 12.449
1184.067 25.363
1184.392 51.277
1184.716 13.192
1185.041 34.106
1185.366 41.020
1185.691 32.935
1186.016 4.849
1186.341 5.764
1186.665 35.678
1186.990 21.593
1187.315 11.507
1187.640 -6.578
1187.965 -4.664
1188.290 25.251
1188.614 3.166
1188.939 -1.920
1189.264 -10.005
1189.589 24.910
1189.914 40.825
1190.238 29.740
1190.563 47.655
1190.888 38.570
1191.213 -5.515
1191.538 15.400
1191.863 27.315
1192.187 17.231
1192.512 16.146
1192.837 21.061
1193.162 18.977
1193.487 6.893
1193.812 -4.192
1194.136 16.724
1194.461 -14.360
1194.786 10.556
1195.111 18.472
1195.436 -6.612
1195.761 -27.696
1196.085 -23.780
1196.410 -39.863
1196.735 -14.947
1197.060 28.970
1197.385 -14.114
1197.710 -42.197
1198.034 9.720
1198.359 27.637
1198.684 -14.446
1199.009 -13.529
1199.334 23.389
1199.659 72.306
1199.983 68.224
1200.308 -0.859
1200.633 8.059
1200.958 6.977
1201.283 -4.105
1201.608 -2.186
1201.932 12.732
1202.257 23.650
1202.582 -6.431
1202.907 27.488
1203.232 35.407
1203.556 28.326
1203.881 9.245
1204.206 32.165
1204.531 58.084
1204.856 8.004
1205.181 -16.076
1205.505 4.844
1205.830 26.765
1206.155 55.685
1206.480 30.606
1206.805 30.527
1207.130 17.448
1207.454 9.369
1207.779 11.290
1208.104 -6.788
1208.429 -37.867
1208.754 22.055
1209.079 45.978
1209.403 40.900
1209.728 6.823
1210.053 16.745
1210.378 46.668
1210.703 31.592
1211.028 -36.485
1211.352 -13.561
1211.677 -3.637
1212.002 -0.713
1212.327 15.211
1212.652 10.136
1212.977 -19.939
1213.301 -16.014
1213.626 -0.089
1213.951 -25.163
1214.276 -10.238
1214.601 3.688
1214.926 14.615
1215.250 5.541
1215.575 -7.532
1215.900 0.395
1216.225 21.322
1216.550 28.250
1216.875 -9.822
1217.199 18.106
1217.524 2.035
1217.849 -1.037
1218.174 11.892
1218.499 16.822
1218.823 30.751
1219.148 31.681
1219.473 17.611
1219.798 36.542
1220.123 19.473
1220.448 -21.596
1220.772 -28.665
1221.097 -1.733
1221.422 15.199
1221.747 16.131
1222.072 -15.936
1222.397 -3.003
1222.721 -11.070
1223.046 12.864
1223.371 47.797
1223.696 50.732
